2000
1 2
1 3
1 7
1 9
1 14
1 16
1 18
1 19
1 36
1 92
1 99
1 102
1 136
1 244
1 270
1 271
1 275
1 317
1 322
1 333
1 395
1 401
1 440
1 443
1 457
1 481
1 485
1 488
1 519
1 545
1 587
1 604
1 831
1 834
1 839
1 850
1 855
1 863
1 871
1 881
1 904
1 920
1 1018
1 1036
1 1063
1 1069
1 1078
1 1130
1 1170
1 1173
1 1180
1 1194
1 1305
1 1377
1 1398
1 1534
1 1574
1 1579
1 1611
1 1793
1 1810
1 1832
1 1835
1 1903
1 1915
1 1992
1 1995
2 3
2 4
2 8
2 15
2 20
2 30
2 32
2 43
2 59
2 77
2 119
2 124
2 144
2 165
2 173
2 179
2 197
2 231
2 273
2 285
2 300
2 340
2 371
2 407
2 425
2 446
2 538
2 601
2 609
2 629
2 679
2 698
2 789
2 857
2 965
2 1031
2 1040
2 1090
2 1100
2 1142
2 1223
2 1251
2 1347
2 1385
2 1394
2 1404
2 1409
2 1463
2 1505
2 1577
2 1656
2 1765
2 1931
2 1933
2 1974
3 17
3 25
3 31
3 40
3 41
3 44
3 85
3 97
3 110
3 127
3 140
3 141
3 143
3 190
3 202
3 215
3 240
3 267
3 286
3 339
3 352
3 417
3 467
3 492
3 511
3 590
3 764
3 787
3 932
3 935
3 997
3 1002
3 1068
3 1081
3 1155
3 1183
3 1186
3 1259
3 1263
3 1370
3 1400
3 1472
3 1536
3 1602
3 1799
3 1813
3 1816
3 1860
3 1875
3 1961
4 5
4 49
4 50
4 61
4 74
4 105
4 185
4 195
4 198
4 207
4 243
4 328
4 439
4 444
4 447
4 448
4 463
4 560
4 570
4 668
4 687
4 761
4 929
4 1060
4 1066
4 1116
4 1131
4 1324
4 1449
4 1483
4 1514
4 1526
4 1650
4 1662
4 1671
4 1690
4 1691
4 1861
4 1872
5 6
5 10
5 11
5 24
5 54
5 58
5 67
5 109
5 199
5 347
5 567
5 641
5 652
5 688
5 755
5 842
5 1097
5 1382
5 1396
5 1469
5 1618
5 1820
5 1836
5 1850
6 96
6 135
6 374
6 615
6 1478
6 1583
6 1965
7 12
7 27
7 28
7 149
7 307
7 331
7 332
7 429
7 438
7 617
7 823
7 952
7 1020
7 1162
7 1323
7 1489
7 1862
7 1864
7 1939
8 39
9 29
10 13
10 94
10 166
10 254
10 330
10 734
10 1231
10 1798
11 23
11 57
11 87
11 93
11 167
11 221
11 473
11 714
11 1371
11 1600
11 1624
11 1629
12 46
12 83
12 337
13 53
13 60
13 129
13 155
13 212
13 220
13 253
13 325
13 363
13 377
13 411
13 477
13 484
13 543
13 579
13 606
13 676
13 703
13 748
13 832
13 1158
13 1297
13 1319
13 1405
13 1676
14 55
14 62
14 100
14 134
14 187
14 193
14 311
14 351
14 610
14 939
14 988
14 1133
14 1278
14 1665
14 1823
14 1880
14 1912
15 137
15 413
15 573
16 26
16 160
16 441
16 772
16 1723
18 408
18 1028
19 22
19 51
19 88
19 103
19 261
19 345
19 369
19 373
19 394
19 514
19 907
19 1065
19 1275
19 1444
19 1658
19 1795
19 1960
19 1983
20 21
20 48
20 397
20 973
20 1132
20 1507
20 1761
21 37
21 471
21 568
21 667
22 72
22 236
22 420
22 437
22 918
22 1226
22 1417
22 1841
23 68
23 71
23 104
23 116
23 510
23 529
23 551
23 553
23 577
23 594
23 598
23 602
23 699
23 778
23 837
23 843
23 846
23 1019
23 1135
23 1153
23 1169
23 1346
23 1435
23 1506
23 1687
23 1892
24 70
24 79
24 86
24 147
24 279
24 323
24 414
24 911
24 1195
24 1202
24 1704
26 1631
26 1636
26 1726
27 33
27 35
27 329
27 342
27 754
27 1104
27 1298
27 1311
27 1397
27 1743
27 1976
28 34
28 56
28 138
28 607
28 633
28 1041
28 1193
28 1222
28 1422
30 64
30 209
30 214
30 383
30 486
30 1350
30 1538
30 1590
30 1632
30 1754
31 47
31 65
31 66
31 113
31 128
31 556
31 580
31 728
31 732
31 1033
32 926
32 1070
32 1791
33 222
33 269
33 284
33 403
33 442
33 531
33 1268
34 38
34 63
34 80
34 156
34 259
34 296
34 454
34 582
34 586
34 627
34 650
34 949
34 953
34 1034
34 1095
34 1146
34 1358
34 1553
34 1596
34 1703
35 45
35 118
35 153
35 206
35 210
35 230
35 274
35 280
35 297
35 400
35 410
35 412
35 638
35 672
35 686
35 856
35 899
35 969
35 977
35 1013
35 1032
35 1057
35 1099
35 1156
35 1187
35 1262
35 1440
35 1529
35 1580
35 1670
35 1679
35 1768
35 1842
36 263
36 946
37 42
37 78
37 120
37 132
37 170
37 252
37 651
37 958
37 1000
37 1236
37 1273
37 1557
37 1722
37 1825
37 1830
38 117
38 123
38 283
38 719
39 69
39 76
39 350
39 372
39 378
39 388
39 392
39 469
39 593
39 1159
39 1171
39 1308
39 1566
40 563
40 706
40 867
40 1115
40 1244
40 1247
41 189
41 1152
41 1312
41 1702
41 1812
41 1874
42 145
42 194
42 225
42 365
42 525
42 530
42 1331
42 1380
42 1416
42 1737
43 82
43 566
43 848
43 1039
43 1447
43 1648
44 52
44 73
44 75
44 164
44 228
44 293
44 348
44 349
44 366
44 535
44 546
44 654
44 813
44 828
44 870
44 938
44 1102
44 1878
45 235
45 1436
45 1548
46 250
46 495
46 526
46 1027
46 1476
47 108
47 216
47 277
47 346
47 1639
47 1689
47 1696
47 1735
48 289
49 84
51 664
52 157
52 169
52 171
52 172
52 180
52 387
52 680
52 777
52 1459
52 1962
53 341
53 466
53 1695
54 115
54 142
54 229
54 249
54 264
54 578
54 851
54 887
54 1016
54 1554
54 1667
54 1779
55 146
55 241
55 491
55 681
55 771
55 897
56 265
56 320
56 750
56 766
56 809
56 820
57 159
57 1859
58 262
59 81
60 1759
61 304
61 418
62 191
62 1675
64 130
64 357
64 1123
66 312
66 398
66 503
66 712
66 782
66 1053
66 1265
66 1408
66 1540
66 1582
67 182
67 581
67 1852
68 368
68 375
68 376
68 1622
69 101
69 161
69 327
69 434
69 585
69 707
69 1313
70 151
70 314
70 386
70 554
70 724
70 1426
70 1488
71 89
71 111
71 114
71 196
71 353
71 445
71 1208
71 1229
73 480
73 1355
74 188
74 1623
74 1627
74 1643
76 624
76 1740
77 1290
78 91
78 186
78 276
78 599
78 791
78 913
78 921
78 955
78 1136
78 1157
78 1238
78 1249
78 1605
79 223
79 509
79 1552
80 98
80 107
80 731
80 749
80 767
80 1964
81 910
81 1022
81 1214
83 298
83 382
83 544
83 677
85 90
85 126
85 1010
85 1496
85 1672
86 203
86 248
86 501
86 998
86 1384
86 1609
86 1727
86 1856
86 1967
87 95
87 125
87 139
87 475
87 541
87 673
87 715
87 878
87 880
87 970
87 987
87 1128
87 1359
87 1831
87 1954
87 1966
88 106
88 200
88 427
88 875
89 112
89 178
89 642
89 649
89 1395
89 1718
90 934
93 592
94 334
95 1984
96 494
96 1977
97 1531
98 336
98 780
98 1291
98 1870
99 177
99 192
102 121
102 217
102 367
102 433
102 576
102 763
102 968
102 1076
102 1366
102 1450
102 1545
102 1569
103 464
103 678
105 218
105 1595
106 483
107 1046
107 1431
108 528
108 662
108 1375
108 1406
108 1482
108 1619
110 154
110 208
110 436
110 1303
112 133
112 266
112 364
112 380
112 658
112 796
112 896
112 1659
113 502
113 548
116 536
116 1147
116 1233
116 1341
116 1801
118 163
118 319
118 1498
119 682
119 697
119 1673
119 1982
120 623
120 825
120 849
120 972
120 1139
120 1530
121 122
121 148
121 246
121 343
121 390
121 561
121 721
121 769
121 1853
121 1855
122 181
122 258
122 344
122 465
122 756
122 1481
122 1865
123 338
123 847
123 1004
124 272
124 281
126 150
126 234
126 1365
127 131
127 908
128 309
129 1752
130 201
130 251
130 370
130 675
130 737
130 876
130 1386
130 1434
130 1511
131 239
131 1674
132 162
132 247
132 1682
133 305
133 790
133 943
133 1059
133 1495
135 152
135 683
135 891
136 559
136 1151
136 1168
136 1343
137 291
137 402
137 1957
138 205
138 295
138 500
138 775
138 917
138 1896
139 354
139 449
139 779
139 1894
140 962
140 1185
140 1205
140 1317
140 1699
141 356
143 636
143 1200
143 1586
144 406
144 858
144 1011
144 1335
146 936
146 1425
146 1438
146 1467
147 211
147 257
147 260
147 565
147 853
147 1176
147 1413
148 158
148 653
148 1393
149 1573
151 175
153 299
153 736
153 742
156 892
156 1597
157 168
157 517
158 419
158 656
159 174
159 1330
160 833
160 978
160 1299
160 1352
161 245
161 1143
161 1326
161 1767
164 184
164 233
164 313
164 562
164 584
164 622
164 738
164 816
164 1080
164 1161
164 1300
164 1560
164 1763
164 1849
165 176
165 242
165 316
165 459
165 472
165 663
165 818
165 1389
166 183
166 268
166 571
166 646
166 840
166 951
166 1117
166 1421
166 1528
166 1686
167 493
168 1314
170 204
170 282
170 533
170 879
170 1504
170 1711
172 389
172 625
173 632
173 665
174 639
176 362
176 1199
176 1270
177 1227
178 647
178 788
178 1309
178 1458
180 456
182 237
182 999
182 1295
182 1441
182 1445
182 1541
182 1655
185 288
185 416
185 532
185 1788
187 1175
191 256
191 321
191 450
191 1074
192 355
192 360
192 583
192 1876
194 1085
196 1108
198 219
198 421
198 616
198 716
198 717
198 718
198 954
198 971
198 1003
198 1390
198 1473
199 290
199 713
199 1165
201 213
201 1432
201 1519
201 1914
202 391
202 513
202 711
202 1087
202 1924
203 226
203 452
203 1776
207 310
207 324
207 800
207 980
207 1221
207 1562
207 1692
208 238
208 461
209 224
209 287
209 1544
210 657
210 1125
211 430
211 765
214 255
214 385
214 399
214 424
214 521
214 1321
214 1367
215 1698
215 1806
215 1893
216 294
216 727
216 795
216 942
216 1163
217 821
218 278
218 422
218 428
218 505
218 619
218 745
218 799
218 994
218 1062
218 1088
218 1184
218 1220
218 1345
218 1814
218 1848
219 482
219 1219
220 227
221 426
221 1239
221 1889
222 1635
223 308
223 569
223 605
223 992
223 1525
224 1424
225 303
225 644
225 1172
227 361
227 822
227 1281
227 1581
227 1857
227 1908
228 232
228 527
231 1644
232 359
232 774
232 1192
232 1407
234 462
234 922
234 1729
235 1267
236 1392
236 1510
236 1684
238 1327
238 1442
239 474
239 741
239 826
240 786
240 1210
241 306
241 458
241 1093
241 1114
241 1501
241 1701
242 318
242 1154
243 1945
244 613
244 645
244 1302
244 1543
245 453
245 811
245 1120
246 534
246 692
246 1999
251 873
251 1470
252 671
252 1774
253 506
254 845
254 1578
255 415
255 423
255 1140
255 1707
258 384
258 886
258 1288
258 1293
258 1487
258 1523
258 1542
260 381
260 635
260 725
260 783
260 1301
260 1570
260 1846
261 723
262 916
264 292
264 326
264 603
264 630
264 1882
265 626
266 940
266 1518
266 1710
269 890
270 1626
271 552
271 1963
273 859
275 409
275 1381
275 1453
278 1089
279 497
279 518
279 1061
280 726
280 919
280 1058
280 1129
280 1516
280 1642
282 302
282 564
282 700
282 746
282 1007
282 1126
282 1182
282 1480
283 1932
284 516
284 815
284 1243
284 1415
284 1777
284 1873
289 803
290 460
290 597
290 621
290 709
290 975
291 393
291 507
291 555
291 996
291 1056
291 1113
291 1725
292 631
292 824
292 1164
294 301
294 1700
294 1750
295 451
295 974
296 524
296 550
296 956
297 702
297 1101
297 1766
298 432
298 1568
302 379
305 914
306 690
307 504
307 695
307 1344
308 358
308 1015
308 1559
308 1778
309 1189
309 1349
309 1411
309 1827
312 315
312 512
312 523
312 549
312 722
312 733
312 874
312 1134
312 1285
312 1420
312 1616
312 1628
312 1669
312 1797
312 1969
313 854
313 1353
314 435
314 468
314 1306
314 1975
315 520
315 1287
315 1368
316 335
316 923
316 1968
317 710
318 479
318 1332
318 1589
319 830
319 941
321 1715
321 1919
325 1925
327 852
328 1354
329 877
331 1322
332 967
332 1978
334 1781
335 1248
336 864
336 1451
337 405
338 693
338 1342
339 1211
340 591
341 797
341 1399
344 490
344 1124
346 666
348 883
348 1651
348 1833
349 431
349 661
349 1047
349 1333
351 575
351 862
354 1383
355 810
357 660
357 1697
357 1867
358 655
358 905
359 674
359 860
359 1086
359 1149
359 1474
363 487
363 704
363 865
363 925
363 937
363 985
365 669
365 751
365 1376
366 589
368 489
369 478
369 1585
369 1786
370 574
370 805
371 1457
373 1030
375 1320
376 1575
377 618
378 620
378 793
379 1277
380 1907
381 1084
383 557
385 1934
386 558
386 814
386 1118
386 1274
386 1284
387 648
387 1728
387 1949
390 773
390 1042
390 1356
390 1647
390 1808
391 1887
392 1714
395 396
396 595
396 794
397 1237
397 1708
397 1993
399 963
400 404
400 1017
400 1207
400 1316
400 1429
403 1744
406 1107
406 1755
407 1196
407 1374
407 1448
407 1935
409 1260
409 1824
412 539
413 522
414 819
416 1532
417 776
417 801
418 1654
419 455
419 976
419 1204
419 1997
420 1734
423 982
424 470
424 1837
424 1930
425 730
425 1166
429 515
429 1787
433 596
433 827
433 836
433 884
433 964
433 1537
433 1615
433 1991
434 1694
434 1724
434 1866
436 1471
439 993
440 753
441 537
443 1497
444 1079
447 705
447 1606
447 1941
449 612
450 928
450 1177
451 1614
454 540
455 691
456 829
457 708
457 747
457 895
459 1310
459 1360
459 1970
461 508
462 798
463 1509
464 1144
464 1461
465 498
465 499
465 844
465 1551
465 1942
466 757
466 903
466 1001
466 1105
468 1539
468 1646
469 743
472 931
473 476
473 1558
474 1234
478 758
478 1871
479 804
479 1465
480 1190
481 670
481 1361
482 1094
485 1666
486 888
486 1747
487 496
489 637
489 1052
489 1705
489 1741
494 1391
500 990
500 1280
501 1145
501 1403
501 1790
502 898
505 547
505 735
505 889
508 542
508 572
508 588
508 628
508 696
508 1181
508 1998
510 1716
511 685
511 1412
512 611
512 1009
521 1338
529 785
530 1092
533 634
533 1026
533 1946
535 784
535 1254
535 1653
536 1137
542 1075
542 1479
544 900
544 1378
546 1499
547 1179
548 1024
548 1897
548 1937
550 812
550 817
550 1023
550 1362
550 1556
551 1091
551 1549
552 792
552 961
553 872
553 1466
553 1888
557 1508
558 1610
563 1660
564 1428
568 1218
568 1773
568 1943
569 608
569 643
569 1307
569 1563
572 701
572 1985
573 1197
575 944
576 933
579 600
579 614
579 760
579 957
579 995
579 1008
579 1521
579 1608
580 948
580 1818
581 1535
581 1868
582 1885
587 841
589 1098
592 781
592 1800
593 659
593 1584
593 1652
595 986
596 1083
596 1745
599 1388
601 768
602 640
602 1167
603 806
604 808
604 1266
609 720
609 740
610 729
610 1127
610 1228
613 759
613 1245
613 1255
613 1492
615 959
616 1649
619 906
619 1261
621 1051
622 1005
622 1049
623 689
623 762
623 770
623 1077
623 1477
623 1641
623 1826
627 752
627 802
627 902
627 1456
634 1364
640 1973
641 1215
641 1258
641 1357
641 1443
641 1980
644 739
645 1834
646 1668
647 1141
648 684
648 1073
648 1593
650 915
650 1122
650 1334
650 1462
651 1959
653 1230
657 1756
659 1879
661 694
661 1809
663 1550
664 1598
665 1719
665 1938
666 1904
667 1148
667 1198
668 885
668 1512
669 924
670 882
670 1769
672 1805
672 1988
673 1527
678 1802
679 1594
683 1286
685 868
685 1792
686 1044
686 1493
687 1216
690 1340
691 1325
691 1732
693 1201
693 1276
693 1685
694 1758
698 1950
700 1206
701 807
705 744
710 1454
711 1025
712 1621
717 1592
722 1271
733 861
733 1055
733 1283
733 1588
733 1733
733 1783
738 947
741 1515
744 983
744 1038
744 1188
744 1401
746 984
748 1784
748 1828
757 1014
758 927
760 838
760 1546
760 1829
763 1419
764 909
764 1363
764 1815
766 894
774 1567
776 1035
777 1446
780 1709
784 1241
790 1264
790 1717
791 1657
791 1929
792 869
794 930
795 1071
795 1082
799 1430
799 1845
803 866
804 1174
804 1178
807 1847
808 1257
814 1986
818 1613
818 1730
819 950
821 966
822 1269
824 1232
824 1524
824 1817
832 835
839 1821
840 1043
842 1138
842 1920
846 1109
852 1789
853 1054
855 1119
855 1242
860 1494
862 893
864 1253
867 1110
867 1738
868 1111
869 912
869 1877
871 1067
871 1296
883 991
883 1633
886 1688
892 1437
892 1683
892 1751
895 1782
898 1279
899 901
899 1486
902 1576
903 1490
906 960
906 1587
912 1048
916 1112
917 1252
918 1533
921 989
921 1037
921 1638
921 1760
922 1050
922 1886
923 945
923 979
923 1328
923 1402
924 1160
924 1373
925 1736
927 1106
927 1677
928 1304
928 1772
933 1337
934 1021
934 1948
935 1843
938 1564
945 1235
945 1282
945 1418
946 1212
947 1217
950 1064
950 1634
953 1072
954 1029
954 1630
954 1775
954 1922
956 1753
956 1803
956 1958
957 1883
958 1351
959 1012
961 981
961 1869
961 1916
963 1625
978 1785
982 1678
985 1475
987 1006
989 1909
991 1923
994 1620
999 1762
1000 1209
1003 1045
1011 1289
1013 2000
1015 1250
1024 1103
1027 1902
1031 1503
1036 1748
1039 1794
1040 1455
1046 1246
1052 1517
1058 1822
1061 1433
1066 1901
1067 1452
1068 1294
1068 1858
1069 1770
1075 1890
1078 1555
1079 1318
1082 1203
1087 1739
1088 1096
1088 1387
1090 1121
1090 1336
1090 1956
1094 1150
1094 1979
1099 1272
1099 1513
1101 1213
1105 1601
1114 1807
1116 1460
1119 1693
1124 1900
1126 1329
1130 1191
1130 1256
1134 1854
1136 1315
1160 1572
1167 1746
1169 1372
1169 1771
1170 1224
1174 1414
1175 1947
1177 1225
1177 1720
1181 1839
1184 1348
1185 1713
1189 1840
1190 1561
1191 1339
1195 1484
1203 1240
1207 1379
1210 1757
1215 1926
1219 1918
1229 1369
1234 1565
1237 1591
1240 1681
1241 1637
1241 1990
1242 1571
1246 1410
1247 1485
1271 1928
1277 1819
1285 1292
1286 1607
1287 1898
1290 1439
1292 1881
1305 1971
1331 1952
1335 1468
1335 1996
1337 1640
1345 1617
1350 1921
1351 1423
1351 1905
1351 1906
1358 1464
1361 1712
1367 1603
1384 1599
1384 1953
1385 1427
1385 1502
1387 1500
1403 1547
1404 1664
1405 1844
1418 1645
1422 1520
1422 1706
1422 1936
1423 1612
1427 1491
1433 1780
1460 1940
1469 1680
1472 1663
1473 1955
1487 1910
1501 1522
1529 1604
1539 1661
1574 1804
1630 1851
1650 1721
1650 1994
1665 1987
1666 1731
1669 1951
1682 1749
1686 1863
1704 1764
1706 1838
1716 1796
1735 1742
1740 1911
1769 1811
1776 1884
1798 1899
1805 1989
1815 1891
1815 1972
1827 1917
1829 1895
1849 1913
1858 1981
1860 1944
1894 1927
