2000
1 2
1 3
1 4
1 5
1 29
1 31
1 41
1 61
1 71
1 72
1 88
1 92
1 109
1 110
1 118
1 119
1 130
1 134
1 138
1 140
1 160
1 172
1 174
1 253
1 256
1 328
1 345
1 410
1 464
1 492
1 504
1 529
1 547
1 560
1 659
1 736
1 748
1 814
1 875
1 967
1 990
1 993
1 1091
1 1103
1 1221
1 1225
1 1272
1 1349
1 1379
1 1419
1 1442
1 1464
1 1522
1 1545
1 1582
1 1744
1 1775
1 1822
1 1831
1 1909
1 1923
2 3
2 4
2 5
2 6
2 10
2 16
2 19
2 25
2 40
2 52
2 78
2 94
2 95
2 107
2 111
2 128
2 146
2 148
2 165
2 191
2 210
2 235
2 256
2 265
2 276
2 320
2 328
2 331
2 353
2 361
2 374
2 411
2 420
2 423
2 432
2 446
2 485
2 493
2 504
2 551
2 566
2 598
2 624
2 677
2 692
2 693
2 802
2 845
2 886
2 915
2 1013
2 1074
2 1109
2 1167
2 1218
2 1231
2 1323
2 1332
2 1477
2 1588
2 1615
2 1688
2 1766
2 1787
2 1991
3 4
3 5
3 7
3 9
3 12
3 14
3 15
3 23
3 24
3 25
3 27
3 31
3 35
3 38
3 55
3 69
3 94
3 96
3 98
3 121
3 127
3 128
3 130
3 135
3 146
3 149
3 157
3 186
3 196
3 220
3 227
3 238
3 244
3 246
3 262
3 280
3 282
3 289
3 298
3 319
3 362
3 412
3 414
3 425
3 439
3 442
3 454
3 487
3 498
3 516
3 517
3 590
3 595
3 597
3 619
3 662
3 673
3 675
3 696
3 716
3 742
3 743
3 775
3 776
3 781
3 858
3 895
3 911
3 934
3 1005
3 1018
3 1041
3 1126
3 1137
3 1139
3 1140
3 1164
3 1177
3 1183
3 1197
3 1206
3 1227
3 1236
3 1241
3 1242
3 1249
3 1268
3 1360
3 1398
3 1476
3 1491
3 1494
3 1514
3 1526
3 1583
3 1605
3 1656
3 1689
3 1699
3 1723
3 1762
3 1788
3 1844
3 1868
3 1944
3 1961
3 1977
3 1979
3 1989
4 5
4 6
4 7
4 8
4 13
4 16
4 18
4 22
4 24
4 33
4 39
4 44
4 50
4 52
4 64
4 68
4 70
4 75
4 76
4 82
4 85
4 90
4 100
4 107
4 108
4 117
4 123
4 125
4 139
4 147
4 159
4 170
4 190
4 202
4 210
4 218
4 225
4 232
4 239
4 254
4 270
4 278
4 287
4 309
4 311
4 338
4 341
4 343
4 413
4 418
4 447
4 499
4 539
4 550
4 562
4 563
4 569
4 575
4 578
4 585
4 632
4 641
4 653
4 657
4 660
4 661
4 675
4 721
4 762
4 796
4 826
4 838
4 862
4 897
4 934
4 936
4 1036
4 1044
4 1056
4 1061
4 1072
4 1106
4 1142
4 1163
4 1170
4 1171
4 1180
4 1270
4 1273
4 1326
4 1355
4 1390
4 1392
4 1414
4 1482
4 1576
4 1584
4 1640
4 1643
4 1653
4 1661
4 1675
4 1723
4 1756
4 1901
4 1990
4 1997
5 11
5 13
5 45
5 96
5 151
5 204
5 273
5 301
5 307
5 313
5 405
5 424
5 512
5 678
5 839
5 883
5 892
5 1129
5 1166
5 1266
5 1298
5 1495
5 1641
5 1721
5 1910
6 8
6 9
6 10
6 12
6 22
6 36
6 42
6 50
6 87
6 116
6 125
6 153
6 163
6 168
6 174
6 176
6 214
6 236
6 240
6 304
6 306
6 324
6 378
6 387
6 451
6 452
6 474
6 508
6 513
6 521
6 585
6 605
6 683
6 761
6 788
6 807
6 821
6 878
6 968
6 1002
6 1046
6 1121
6 1122
6 1158
6 1160
6 1174
6 1177
6 1224
6 1245
6 1327
6 1369
6 1452
6 1471
6 1480
6 1521
6 1560
6 1585
6 1632
6 1647
6 1686
6 1819
6 1843
6 1881
6 1894
6 1939
7 247
7 373
7 573
7 735
7 889
7 1309
7 1956
7 1985
8 20
8 26
8 37
8 193
8 250
8 262
8 327
8 335
8 418
8 423
8 440
8 512
8 528
8 695
8 933
8 948
8 1157
8 1235
8 1344
8 1376
8 1499
9 11
9 18
9 20
9 36
9 63
9 65
9 68
9 97
9 169
9 172
9 183
9 204
9 302
9 318
9 338
9 376
9 522
9 533
9 638
9 652
9 874
9 964
9 1011
9 1052
9 1198
9 1230
9 1745
9 1843
10 15
10 17
10 40
10 42
10 49
10 53
10 58
10 80
10 89
10 93
10 111
10 122
10 152
10 160
10 180
10 205
10 223
10 246
10 268
10 348
10 427
10 474
10 495
10 684
10 709
10 765
10 783
10 968
10 1239
10 1321
10 1517
10 1684
10 1695
10 1751
10 1962
11 14
11 43
11 59
11 81
11 124
11 133
11 148
11 184
11 242
11 248
11 465
11 500
11 583
11 616
11 715
11 842
11 843
11 846
11 885
11 1155
11 1234
11 1364
11 1453
11 1523
11 1616
11 1645
11 1698
11 1789
12 23
12 26
12 41
12 53
12 156
12 167
12 187
12 209
12 339
12 412
12 426
12 496
12 559
12 608
12 631
12 654
12 667
12 703
12 724
12 772
12 810
12 880
12 881
12 951
12 975
12 987
12 1202
12 1207
12 1219
12 1285
12 1346
12 1600
12 1929
12 1973
13 19
13 38
13 46
13 56
13 77
13 78
13 99
13 189
13 325
13 329
13 346
13 352
13 411
13 600
13 831
13 873
13 910
13 958
13 1104
13 1115
13 1151
13 1269
13 1447
13 1649
13 1732
13 1767
13 1768
13 1794
13 1795
14 21
14 51
14 84
14 208
14 326
14 470
14 614
14 643
14 1078
14 1125
14 1259
14 1297
14 1325
14 1371
14 1590
14 1642
14 1652
14 1710
14 1791
14 1859
14 1878
14 1907
15 17
15 28
15 65
15 105
15 182
15 209
15 219
15 228
15 316
15 330
15 362
15 509
15 510
15 684
15 708
15 872
15 912
15 1057
15 1410
15 1467
15 1612
15 1619
15 1705
15 1709
15 1846
16 21
16 37
16 54
16 82
16 144
16 176
16 221
16 456
16 469
16 556
16 573
16 584
16 688
16 785
16 1283
16 1357
16 1752
16 1786
16 1922
16 1952
17 34
17 1886
18 29
18 48
18 54
18 72
18 106
18 123
18 386
18 467
18 549
18 847
18 988
18 991
18 1054
18 1308
18 1580
18 1606
18 1851
18 2000
19 28
19 47
19 51
19 60
19 67
19 101
19 112
19 117
19 173
19 354
19 604
19 636
19 680
19 894
19 1015
19 1287
19 1291
19 1416
19 1427
19 1437
19 1690
19 1715
19 1750
19 1765
19 1776
19 1856
19 1868
19 1960
19 1999
20 59
20 73
20 190
20 271
20 449
20 1134
20 1607
20 1702
20 1879
21 61
21 92
21 219
21 253
21 343
21 365
21 368
21 518
21 586
21 862
21 1410
21 1834
21 1958
22 32
22 44
22 215
22 464
22 468
22 596
22 658
22 780
22 827
22 1160
22 1218
22 1247
22 1342
22 1370
22 1484
22 1519
22 1537
22 1671
22 1976
23 27
23 34
23 45
23 47
23 87
23 103
23 214
23 257
23 269
23 281
23 491
23 538
23 628
23 651
23 726
23 741
23 749
23 953
23 977
23 1092
23 1172
23 1614
23 1625
23 1628
23 1731
23 1761
23 1803
23 1866
24 66
24 70
24 79
24 83
24 124
24 145
24 229
24 264
24 367
24 384
24 421
24 475
24 606
24 759
24 763
24 1037
24 1135
24 1231
24 1320
24 1700
24 1970
24 1993
25 30
25 35
25 55
25 74
25 97
25 102
25 114
25 136
25 286
25 394
25 402
25 527
25 590
25 615
25 664
25 711
25 853
25 989
25 1072
25 1124
25 1233
25 1316
25 1551
25 1629
25 1690
25 1726
25 1791
25 1873
25 1913
25 1935
26 33
26 116
26 199
26 224
26 249
26 275
26 359
26 427
26 453
26 542
26 601
26 760
26 849
26 914
26 980
26 991
26 1054
26 1277
26 1757
27 30
28 263
28 334
28 520
28 785
28 1694
29 56
29 154
29 195
29 197
29 226
29 227
29 398
29 409
29 428
29 491
29 495
29 505
29 507
29 508
29 600
29 641
29 642
29 791
29 802
29 876
29 953
29 984
29 1120
29 1125
29 1145
29 1209
29 1561
29 1806
29 1949
30 32
30 62
30 223
30 268
30 810
30 941
30 1011
30 1159
30 1246
30 1545
30 1721
31 46
31 49
31 114
31 155
31 187
31 271
31 297
31 317
31 379
31 471
31 514
31 526
31 604
31 713
31 920
31 924
31 954
31 985
31 993
31 1015
31 1118
31 1220
31 1246
31 1271
31 1394
31 1417
31 1548
31 1842
31 1966
32 58
32 182
32 293
32 296
32 789
32 1208
32 1568
33 315
33 715
33 716
33 1654
33 1672
34 67
34 126
34 131
34 143
34 144
34 158
34 188
34 946
35 126
35 231
35 416
35 610
35 793
35 894
35 909
35 952
35 1176
35 1325
35 1662
35 1741
35 1849
36 527
36 589
36 1640
37 39
37 237
37 244
37 363
37 480
37 513
37 524
37 559
37 674
37 884
37 1383
37 1833
37 1923
38 43
38 48
38 66
38 85
38 89
38 132
38 142
38 157
38 192
38 195
38 323
38 337
38 416
38 494
38 499
38 530
38 658
38 697
38 723
38 914
38 985
38 1200
38 1319
38 1369
38 1524
38 1676
38 1677
38 1694
38 1804
38 1821
38 1968
39 112
39 284
39 323
39 433
39 557
39 700
39 994
39 1098
39 1168
39 1341
39 1387
39 1665
40 77
40 109
40 263
40 286
40 459
40 589
40 897
40 927
40 1052
40 1073
40 1080
40 1201
40 1478
40 1781
40 1806
40 1857
41 99
42 120
42 141
42 391
42 397
42 437
42 458
42 534
42 962
42 964
42 977
42 1130
42 1212
42 1296
42 1322
42 1506
42 1807
43 57
43 155
43 213
43 479
43 769
43 918
43 1203
43 1211
43 1458
43 1740
43 1962
44 57
44 69
44 165
44 179
44 230
44 284
44 435
44 605
44 633
44 660
44 933
44 1284
44 1307
45 134
45 216
45 295
45 357
45 366
45 457
45 822
45 840
45 1162
45 1205
45 1256
45 1338
45 1356
45 1400
46 62
46 76
46 226
46 261
46 289
46 319
46 332
46 389
46 461
46 718
46 838
46 854
46 932
46 1004
46 1027
46 1060
46 1144
46 1313
46 1438
46 1479
46 1524
46 1565
46 1738
46 1885
47 60
47 71
47 74
47 203
47 211
47 330
47 1292
47 1299
48 64
48 84
48 177
48 734
48 1028
48 1312
48 1436
49 627
49 798
49 882
49 904
49 1626
49 1812
50 280
50 294
50 398
50 530
50 1988
51 104
51 272
51 307
51 496
51 554
51 613
51 944
51 1001
51 1470
51 1492
51 1518
51 1811
51 1822
52 80
52 196
52 273
52 1131
52 1423
52 1578
52 1602
53 216
53 234
53 240
53 1587
54 63
54 88
54 93
54 100
54 120
54 127
54 177
54 255
54 410
54 447
54 686
54 753
54 797
54 1010
54 1138
54 1147
54 1156
54 1248
54 1274
54 1421
54 1667
54 1706
54 1768
54 1857
54 1905
54 1936
55 83
55 152
55 207
55 269
55 305
55 553
55 656
55 1194
55 1396
55 1753
56 1250
56 1264
57 79
57 86
57 105
57 113
57 156
57 168
57 181
57 184
57 217
57 310
57 318
57 326
57 351
57 560
57 566
57 625
57 639
57 801
57 859
57 904
57 931
57 945
57 971
57 1013
57 1019
57 1070
57 1083
57 1310
57 1409
57 1412
57 1502
57 1511
57 1562
57 1580
57 1629
57 1637
57 1683
57 1915
59 147
59 432
59 1405
60 1556
62 73
62 471
62 1362
63 347
63 1550
64 132
64 283
64 728
64 1574
64 1935
65 153
65 454
65 721
65 749
65 885
65 1014
65 1110
65 1302
65 1703
65 1795
67 279
67 369
67 576
67 617
67 620
67 796
67 1076
67 1100
67 1262
67 1908
67 1967
68 81
68 91
68 133
68 179
68 192
68 270
68 350
68 507
68 999
68 1025
68 1607
68 1957
70 110
70 129
70 131
70 139
70 167
70 322
70 374
70 459
70 552
70 618
70 1005
70 1065
70 1190
70 1290
70 1355
70 1361
70 1872
71 90
71 202
71 300
71 383
71 531
71 648
71 709
71 836
71 1068
71 1240
71 1481
71 1967
72 166
72 383
72 452
72 752
72 1382
72 1601
73 150
73 613
73 732
74 75
74 400
74 555
74 558
74 670
74 1809
75 102
75 655
75 925
75 1336
75 1807
75 1893
76 103
76 115
76 121
76 249
76 701
76 881
76 1152
76 1625
76 1892
77 229
77 407
77 532
77 800
77 837
77 921
77 923
77 1167
77 1719
77 1858
77 1860
77 1929
79 95
79 104
79 138
79 164
79 251
79 351
79 453
79 564
79 1090
79 1101
79 1109
79 1145
79 1500
79 1737
79 1947
80 161
80 189
80 389
80 434
80 521
80 1069
80 1460
81 222
81 247
81 381
81 472
81 650
81 743
81 864
81 1086
81 1347
81 1673
81 1838
82 86
82 162
82 212
82 435
82 681
82 1082
82 1137
82 1758
82 1846
82 1904
82 1918
82 1921
83 91
83 254
83 1047
83 1070
83 1150
83 1309
83 1469
83 1767
84 264
84 486
84 586
85 1492
85 1877
86 163
86 188
86 429
86 449
86 673
86 717
86 878
86 1032
86 1063
86 1188
86 1253
86 1681
86 1775
86 1964
87 101
87 108
87 140
87 159
87 169
87 178
87 329
87 481
87 511
87 695
87 1226
87 1379
87 1510
87 1709
87 1865
87 1945
88 308
88 358
88 890
88 1247
89 1007
90 98
90 136
90 201
90 281
90 308
90 325
90 403
90 668
90 691
90 717
90 746
90 750
90 812
90 880
90 950
90 1097
90 1148
90 1289
90 1317
90 1371
90 1407
90 1538
90 1614
90 1692
90 1744
90 1759
90 1782
90 1783
90 1838
90 1850
91 949
91 1225
91 1536
91 1773
92 232
92 368
92 428
92 466
92 740
92 1229
92 1239
92 1332
92 1393
92 1447
92 1905
93 222
93 272
93 274
93 365
93 413
93 643
93 1018
94 119
94 198
94 218
94 265
94 355
94 392
94 404
94 440
94 463
94 478
94 588
94 623
94 645
94 751
94 766
94 767
94 777
94 806
94 1009
94 1034
94 1115
94 1158
94 1238
94 1257
94 1280
94 1841
95 347
95 505
95 1265
95 1434
95 1547
96 113
96 203
96 852
96 946
96 1836
97 238
97 415
97 443
97 599
97 691
97 771
97 1684
97 1845
98 135
98 175
98 191
98 655
98 728
98 859
98 1156
98 1297
98 1472
98 1830
99 115
99 164
99 217
99 543
99 577
99 612
99 1586
99 1599
99 1643
100 129
100 158
100 356
100 476
100 663
100 888
100 1039
100 1062
100 1294
100 1773
101 106
101 185
101 349
101 502
101 747
101 1252
101 1855
101 1887
102 267
102 332
102 515
102 582
102 1377
102 1402
102 1867
103 502
104 257
104 445
104 516
104 568
104 704
104 821
104 835
104 1320
104 1787
104 1896
104 1951
105 391
106 171
106 221
106 375
106 908
106 1020
106 1546
106 1951
107 166
107 581
107 634
107 1099
107 1508
107 1578
107 1727
108 118
108 292
108 1095
109 200
109 266
109 299
109 436
109 483
109 545
109 567
109 735
109 898
109 1415
109 1877
109 1980
110 145
110 149
110 207
110 245
110 603
110 635
110 663
110 834
110 917
110 969
110 973
110 1066
110 1080
110 1348
110 1622
110 1652
110 1810
111 141
111 258
111 331
111 457
111 482
111 949
111 1692
111 1753
112 235
112 400
112 603
112 649
112 871
112 1265
112 1448
112 1729
113 1112
114 193
114 371
114 450
114 514
114 546
114 759
114 1073
114 1127
114 1338
114 1515
114 1537
114 1707
114 1746
114 1817
115 846
115 1789
115 1983
116 439
116 1206
116 1413
116 1898
117 171
117 1002
117 1116
117 1318
118 340
118 1704
119 285
119 358
119 359
119 1062
119 1483
120 154
120 175
120 1021
120 1525
120 1567
121 122
121 178
121 905
121 931
121 979
121 1170
121 1520
121 1551
122 348
122 1512
122 1595
123 137
123 293
123 296
123 313
123 369
123 378
123 441
123 544
123 608
123 795
123 815
123 816
123 831
123 896
123 960
123 969
123 1289
123 1520
123 1558
123 1579
123 1651
123 1669
123 1779
124 151
124 224
124 225
124 336
124 1724
125 335
125 501
125 1372
126 143
126 198
126 241
126 1489
126 1540
126 1650
128 206
128 213
128 278
128 333
128 462
128 869
128 1016
128 1027
128 1260
128 1354
128 1463
128 1532
128 1628
128 1850
128 1915
129 353
129 1711
130 662
130 875
130 1380
131 697
132 170
132 200
132 395
132 1790
133 137
133 299
133 309
133 415
133 456
133 564
133 649
133 702
133 861
133 1059
133 1210
133 1214
133 1488
134 301
134 376
134 626
134 683
134 816
134 1079
134 1106
134 1440
134 1620
134 1642
135 781
135 1697
136 142
136 183
136 1022
137 162
137 1874
138 259
138 349
138 609
138 625
138 938
138 1040
138 1071
138 1367
138 1660
138 1875
139 498
139 1203
140 248
141 215
141 291
141 350
141 372
141 744
141 755
141 1040
141 1514
141 1921
141 1950
142 234
142 288
142 361
142 443
142 1037
142 1797
143 199
143 339
143 477
143 670
143 1380
144 161
144 194
144 205
144 259
144 285
144 321
144 561
144 667
144 704
144 760
144 998
144 1116
144 1343
144 1509
144 1590
144 1650
144 1747
144 1989
145 277
145 283
145 302
145 345
145 356
145 480
145 488
145 519
145 611
145 778
145 893
145 955
145 1017
145 1056
145 1105
145 1146
145 1163
145 1209
145 1634
145 1865
145 1941
145 1979
146 1212
146 1627
146 1866
147 571
147 806
147 970
148 173
148 287
148 312
148 387
148 787
148 1039
148 1552
148 1751
149 150
149 403
149 733
149 820
149 1220
151 239
151 651
152 201
152 212
152 260
152 294
152 665
152 705
152 724
152 731
153 520
153 725
153 1143
153 1431
153 1743
154 186
154 304
154 548
154 572
154 687
154 898
154 1448
154 1610
156 300
156 812
156 1088
156 1425
157 597
158 334
158 341
158 390
158 448
158 466
158 517
158 519
158 627
158 647
158 699
158 745
158 856
158 950
158 1038
158 1074
158 1197
158 1414
159 208
159 591
159 750
159 1655
160 692
160 722
160 753
160 1438
160 1895
160 1966
161 306
161 848
161 971
161 1235
161 1406
161 1617
161 1706
161 1805
162 396
162 674
162 786
162 861
162 1053
162 1171
162 1275
162 1286
162 1424
162 1498
162 1553
162 1897
163 276
163 386
163 1333
163 1351
163 1557
163 1829
164 1094
165 404
165 469
165 518
165 540
165 646
165 671
165 747
165 804
165 1004
166 445
166 465
166 990
166 1085
166 1210
166 1554
166 1780
167 194
167 258
167 352
167 944
167 954
167 1043
167 1261
167 1604
167 1978
167 1986
168 778
168 1282
168 1322
169 408
170 430
170 522
170 646
170 714
170 1176
171 462
171 610
171 757
171 1058
171 1821
172 181
173 180
173 730
173 1172
173 1186
173 1516
173 1608
174 621
175 594
175 824
175 842
175 860
175 1178
175 1697
176 237
176 375
176 402
176 460
176 685
176 900
176 1178
176 1559
176 1570
176 1971
177 591
177 622
177 1562
178 243
178 310
178 337
178 694
178 1075
178 1391
178 1518
178 1613
178 1778
178 1932
178 1978
179 579
179 1187
181 654
181 764
181 1882
182 206
182 277
182 370
182 996
183 252
183 385
183 653
183 1046
183 1358
183 1609
183 1714
183 1906
183 1983
184 185
185 267
185 282
185 297
185 526
185 545
185 577
185 1257
185 1287
185 1731
185 1778
185 1953
186 230
186 419
186 511
186 533
186 578
186 593
186 626
186 1356
186 1365
187 312
188 607
188 669
188 696
188 727
188 729
188 1605
188 1725
189 211
189 236
189 355
189 390
189 446
189 537
189 825
189 887
189 924
189 1281
190 380
190 406
190 927
190 1620
191 565
191 647
191 765
191 1087
191 1179
192 401
192 438
192 535
192 1143
192 1308
192 1359
192 1981
193 787
194 450
194 1912
195 220
195 1022
196 197
196 233
196 336
196 490
196 561
196 668
196 711
196 788
196 868
196 1403
196 1502
196 1519
197 245
198 795
198 1460
199 809
200 250
200 541
200 1337
200 1353
201 340
201 523
201 587
201 896
201 918
201 995
201 1255
201 1510
201 1549
202 1430
202 1529
203 228
203 242
203 399
203 1442
204 260
204 963
204 1475
205 233
205 251
205 288
205 379
205 430
205 550
205 756
205 1006
205 1130
205 1814
206 851
206 1285
206 1895
207 966
208 554
208 772
208 833
208 1164
208 1764
209 231
209 241
209 500
209 544
209 569
209 607
209 636
209 891
209 986
210 1306
213 996
213 1771
214 425
214 935
214 1862
214 1982
215 479
215 756
216 342
216 377
216 1290
217 601
217 1919
219 333
219 1154
219 1899
220 261
220 525
220 1307
220 1399
221 357
221 488
221 1827
222 252
222 568
222 580
222 819
222 825
222 826
222 866
222 1159
222 1202
222 1216
222 1423
222 1504
222 1543
222 1546
222 1606
222 1745
223 274
223 324
223 405
223 429
223 681
223 911
223 1152
223 1891
224 779
224 1615
225 1126
225 1636
226 399
226 406
226 710
226 1353
226 1542
226 1591
226 1757
227 266
227 298
227 754
227 1254
227 1366
227 1792
228 422
228 737
228 1121
228 1161
228 1618
228 1882
229 317
229 377
229 1190
229 1245
229 1401
229 1445
229 1496
229 1727
230 279
230 637
230 836
230 920
230 1404
230 1598
231 451
231 726
231 1283
231 1533
232 255
232 364
233 438
234 905
235 630
235 1243
236 503
236 614
236 657
236 773
236 1077
237 1528
238 892
239 482
239 1682
239 1799
240 243
241 782
242 388
242 851
242 1196
243 314
243 442
243 458
243 546
243 640
243 1596
244 515
244 1351
245 689
245 740
245 902
245 994
245 1035
246 1399
246 1411
246 1462
246 1942
247 321
247 322
247 556
247 908
247 970
247 1255
248 475
248 541
249 275
249 844
249 1462
249 1823
250 784
250 794
250 845
250 1449
250 1461
252 316
253 303
255 371
255 1479
256 679
256 700
256 1036
256 1118
256 1298
257 928
258 562
258 1096
258 1749
258 1887
259 967
259 1404
260 1454
261 506
261 635
261 1676
263 417
263 693
263 730
264 364
264 809
266 401
266 1012
266 1890
267 393
267 652
267 1026
267 1196
267 1227
267 1527
267 1703
267 1955
268 903
268 1635
269 468
269 832
270 792
270 1334
270 1907
271 1927
273 370
273 737
273 1776
275 290
275 360
275 799
275 907
275 1339
275 1384
275 1500
275 1761
276 344
276 1457
277 395
277 534
277 1193
277 1457
277 1468
277 1589
277 1672
278 431
278 437
278 525
278 532
278 677
278 738
278 965
278 1057
278 1219
278 1466
278 1698
279 290
279 292
279 384
279 385
279 548
279 602
279 1131
279 1482
280 444
281 295
281 303
281 311
281 510
281 538
281 620
282 431
282 751
282 1984
283 291
283 489
284 1157
285 305
285 397
285 887
285 1381
285 1549
285 1613
286 943
286 976
286 1568
287 408
287 484
287 1973
288 574
288 1069
288 1234
289 366
291 723
291 1720
292 501
292 570
292 571
292 773
292 839
292 841
292 901
292 981
292 1053
292 1350
292 1405
292 1618
293 483
293 791
293 1375
293 1437
294 972
294 1204
294 1300
294 1513
295 611
295 801
295 1617
296 346
296 486
296 790
296 976
296 1084
296 1133
296 1735
297 622
297 928
297 1032
297 1409
298 320
298 1207
298 1383
299 528
299 1112
299 1685
300 537
300 1547
301 360
301 1244
301 1314
301 1412
302 594
302 1031
302 1347
303 1670
304 327
304 713
304 936
304 1122
304 1348
305 314
305 587
305 645
305 890
305 988
305 1049
305 1395
305 1497
305 1576
305 1852
306 583
306 1670
307 409
307 463
307 813
307 884
307 1065
308 638
308 672
308 823
308 877
308 879
308 1107
308 1222
308 1336
308 1382
308 1581
308 1920
309 648
309 1599
310 1363
311 315
311 671
311 1713
313 434
313 441
313 631
313 708
313 1003
313 1195
313 1548
313 1691
313 1844
313 1995
314 1135
314 1928
316 1655
317 344
317 367
317 422
317 563
317 656
317 754
317 1100
318 1674
318 1764
318 1940
319 557
320 392
320 1083
320 1465
320 1668
320 1949
322 682
322 720
322 1061
322 1799
325 1023
326 473
326 644
327 372
327 394
327 1141
327 1310
328 1008
330 1432
331 393
331 524
331 888
331 1259
331 1675
332 621
332 1051
332 1393
333 342
333 632
333 901
334 634
335 539
335 1262
336 354
336 388
336 460
336 472
336 492
336 917
336 974
336 1565
337 381
337 835
337 863
337 1184
337 1391
337 1624
338 817
338 869
339 455
340 363
340 490
340 1105
341 1276
341 1300
342 421
342 535
342 1139
342 1155
342 1481
342 1644
343 1828
344 1094
345 678
345 714
346 729
346 1507
347 867
347 1420
348 373
348 419
348 467
348 494
348 506
348 602
348 637
348 687
348 830
348 1354
348 1550
348 1633
348 1984
351 731
351 1646
352 702
352 1597
352 1710
352 1716
352 1813
353 1897
354 461
354 959
354 963
354 1059
354 1403
354 1802
354 1995
356 973
356 1667
357 407
357 542
357 1324
357 1435
358 382
359 493
359 531
359 555
359 576
359 1501
360 1497
361 1078
361 1796
361 1861
362 382
362 448
363 592
365 690
365 939
366 396
366 455
366 567
366 770
366 1099
366 1129
366 1237
366 1396
366 1488
366 1539
366 1798
366 1919
367 380
368 473
368 615
368 706
368 886
368 1236
369 686
370 565
370 1452
371 915
371 1045
372 1102
372 1238
372 1569
373 808
374 543
374 1830
375 1043
376 503
376 1763
377 574
377 1267
377 1480
378 420
378 1169
379 489
379 553
379 1147
379 1419
379 1461
381 414
381 719
381 1096
381 1293
381 1653
381 1722
381 1801
382 1153
383 1051
384 444
384 771
384 847
384 1813
385 1301
385 1954
389 1021
390 424
390 481
390 871
390 1679
391 661
391 1634
392 1335
393 876
393 978
393 982
393 1421
394 588
394 1936
395 1281
395 1286
395 1916
396 470
396 698
396 706
396 813
396 1241
396 1306
396 1364
396 1904
397 1097
398 1717
399 484
399 805
399 1087
399 1903
400 426
400 1917
401 1750
401 1999
402 955
403 417
403 549
403 959
403 1166
403 1420
403 1644
404 744
404 1079
404 1855
404 1914
405 436
405 1045
405 1088
405 1140
405 1557
405 1770
406 676
406 1427
406 1585
407 497
407 919
407 1092
407 1114
407 1802
408 497
408 995
409 1571
409 1835
410 433
410 672
410 1089
410 1123
410 1570
410 1769
411 478
411 820
412 734
412 925
412 1016
412 1428
413 606
413 710
414 596
414 1181
415 599
415 1439
416 1085
417 572
417 822
417 1284
417 1622
417 1869
418 582
418 1003
419 972
420 1133
420 1623
422 1229
423 768
423 834
423 1142
423 1270
423 1902
424 929
424 1161
424 1194
424 1985
425 690
425 718
425 853
425 1740
425 1816
427 618
427 1624
427 1914
428 792
428 814
429 485
429 629
429 921
429 1458
429 1763
431 930
431 1493
431 1739
433 1431
436 612
436 758
436 1439
438 1785
439 617
440 529
440 584
440 889
440 1848
442 1406
442 1577
443 580
443 983
443 1992
444 805
444 984
444 1149
444 1971
446 639
447 855
448 1594
449 575
449 1992
452 1349
452 1575
454 624
456 487
456 1127
458 1742
459 536
459 752
459 903
459 1082
459 1323
459 1343
459 1381
460 745
460 786
460 1305
460 1536
460 1820
461 669
461 832
461 1189
461 1395
461 1666
463 540
463 1275
464 789
465 1664
466 623
467 536
469 777
469 1195
469 1475
469 1609
470 679
470 1666
471 476
471 477
471 1375
472 978
474 509
474 685
474 720
474 784
478 1042
478 1824
480 680
480 1669
481 736
481 1258
481 1331
481 1483
481 1952
483 1733
484 1180
484 1193
484 1253
485 628
485 811
485 938
485 1041
485 1870
486 1717
488 1656
489 1103
490 593
490 1031
490 1141
490 1357
490 1861
492 558
492 899
492 1089
493 866
495 630
495 666
495 879
495 1033
496 1136
497 676
497 748
497 1182
497 1484
497 1737
498 940
498 1215
498 1295
500 741
501 552
501 1278
502 1184
502 1507
504 1019
504 1397
504 1937
505 698
505 1444
506 738
506 960
506 965
506 1189
506 1616
508 619
509 1223
510 774
510 804
510 1521
512 523
512 665
512 818
512 1938
514 644
514 783
514 932
514 1007
515 1313
517 1779
518 1169
519 997
519 1459
521 913
522 547
522 629
523 864
523 943
523 1889
524 1598
525 592
525 1093
525 1333
525 1352
526 1200
526 1535
526 1573
527 1076
527 1870
529 909
529 1008
529 1573
530 828
530 1049
530 1294
531 579
531 1389
532 1408
534 907
534 980
535 780
536 1446
537 1841
539 581
539 837
540 1217
540 1282
542 762
543 551
544 746
545 1540
547 919
548 873
548 956
548 1199
548 1641
548 1691
549 595
549 1168
551 1719
552 961
553 1503
554 640
554 1699
555 850
556 666
557 870
557 937
557 1075
557 1892
558 850
558 874
560 767
560 929
560 1455
561 1451
562 1067
562 1695
563 755
563 1523
564 570
564 699
564 1604
566 951
566 1899
567 719
567 1034
567 1293
567 1837
568 732
568 1318
570 1237
570 1434
570 1762
570 1784
571 707
571 1315
572 817
572 841
572 867
572 957
572 1175
572 1360
572 1372
572 1512
573 1505
574 865
574 1249
574 1402
574 1793
576 712
577 742
579 1104
580 650
580 733
580 769
580 1435
580 1440
580 1499
580 1786
581 987
582 1790
582 1934
583 722
583 1693
583 1926
583 1946
584 609
584 1527
584 1529
584 1561
585 761
585 800
587 1012
588 616
588 682
588 1017
588 1214
588 1303
588 1335
588 1473
588 1997
589 727
589 1916
589 1925
592 688
594 989
594 1659
595 1191
596 598
596 833
596 941
596 1001
596 1603
598 999
600 779
600 1010
600 1028
600 1401
601 1459
601 1517
603 1451
603 1818
603 1903
604 642
606 703
606 877
607 923
607 1000
607 1752
607 1972
608 725
609 774
609 857
609 1269
611 763
611 844
611 1063
612 739
614 1708
615 659
615 1110
615 1373
615 1660
615 1688
616 883
617 633
617 848
617 1029
617 1273
617 1485
617 1493
620 794
620 815
620 1530
620 1563
620 1990
621 1760
622 707
622 758
622 1274
622 1433
623 664
623 803
625 1544
625 1586
626 858
627 899
627 937
627 1242
627 1251
627 1278
628 768
628 940
628 1146
628 1165
628 1186
628 1261
630 912
630 957
630 1030
630 1680
630 1801
633 799
634 824
634 1058
634 1301
634 1564
634 1741
634 1853
634 1965
636 843
636 865
636 900
636 1263
637 983
637 1398
638 1474
639 694
639 790
641 1048
643 1020
644 1593
646 1324
647 689
647 1035
647 1358
648 1340
649 1222
649 1454
650 798
650 1024
650 1025
650 1534
650 1788
650 1975
653 712
653 770
653 811
653 1151
653 1366
653 1526
653 1528
655 1153
655 1456
656 797
656 1476
657 764
658 1266
658 1303
658 1311
658 1649
658 1658
658 1748
658 1839
661 1066
661 1136
661 1679
661 1888
664 819
664 1696
665 701
666 766
666 982
666 1067
666 1173
666 1443
667 1023
669 1385
671 775
671 1345
672 828
672 829
672 1531
672 1852
673 1810
678 1233
678 1554
678 1630
678 1730
679 1749
679 1816
682 827
683 935
683 947
683 1033
683 1635
683 1661
684 1378
685 1632
688 823
688 893
688 1542
688 1658
689 782
689 808
689 860
689 1081
689 1098
689 1252
691 757
691 910
691 1042
691 1463
692 705
692 906
692 1050
693 1132
693 1677
694 1305
694 1559
696 1050
696 1583
696 1940
697 926
697 1329
697 1961
698 992
698 1832
698 1994
699 1120
702 952
704 1117
704 1211
706 1330
709 1566
709 1595
711 930
712 1847
717 1337
717 1713
719 856
719 1199
719 1833
724 818
724 1319
724 1330
726 906
727 1820
731 922
731 961
731 1702
732 739
734 840
734 1647
735 1317
738 1883
739 1378
740 807
740 863
740 1260
741 1288
741 1774
743 1191
743 1453
743 1759
743 1834
744 986
746 1487
746 1572
747 829
747 1183
748 1485
749 975
749 1754
750 916
750 1432
751 895
751 1826
751 1941
753 1314
753 1418
754 849
757 1258
757 1344
758 1230
758 1232
758 1829
758 1832
759 1959
761 1815
762 1009
763 1108
766 1090
769 922
771 1368
771 1426
772 913
772 1696
773 882
773 1811
774 776
775 1024
775 1263
775 1472
776 1201
776 1876
777 979
778 793
779 1055
779 1487
779 1657
781 855
783 870
783 1006
783 1091
784 803
786 1119
786 1659
788 962
788 1198
788 1345
788 1365
788 1876
789 1081
790 1584
791 1316
794 1026
794 1311
794 1900
795 1693
796 1738
797 1000
797 1174
797 1175
797 1433
797 1464
798 1047
800 1450
802 1060
803 942
803 1987
806 926
812 868
812 1712
813 1532
815 974
816 916
816 1839
817 1734
818 1288
821 1733
821 1956
822 997
823 1445
823 1760
824 830
825 852
825 1102
825 1948
826 1064
829 1758
829 1917
830 1840
832 1029
832 1044
832 1648
836 854
836 945
836 947
836 1878
837 891
837 1014
837 1204
838 1095
838 1374
838 1539
839 1071
839 1302
840 1783
845 1048
846 1119
847 1228
847 1874
847 1948
850 902
851 1942
853 992
853 1477
853 1533
853 1678
856 857
857 1726
858 1150
858 1957
860 1030
861 1111
863 1213
866 1277
867 948
868 1328
868 1724
868 1777
869 872
870 1394
870 1541
875 1084
875 1315
877 1934
878 1363
881 1331
881 1849
883 1563
884 981
886 1217
887 1114
887 1232
893 1555
894 1429
894 1588
896 1038
897 956
898 1376
900 1093
900 1329
900 1411
900 1466
900 1974
901 1299
901 1418
901 1627
901 1683
901 1825
901 1968
904 1340
905 1854
907 1509
910 1755
915 1515
919 1784
922 1271
922 1922
924 958
924 1213
926 1954
928 939
931 1216
931 1368
931 1912
932 1909
933 1179
934 1182
935 1185
935 1638
935 1840
936 966
937 942
937 1254
937 1429
937 1465
937 1674
937 1969
940 1328
940 1828
941 1280
941 1525
945 1134
945 1165
946 1663
949 1387
949 1720
949 1736
957 1128
958 1859
961 1321
961 1390
963 1918
964 1101
964 1572
964 1875
964 1975
965 1221
968 998
968 1681
968 1728
973 1930
975 1815
977 1123
977 1128
977 1896
978 1504
978 1858
980 1422
983 1086
983 1633
984 1735
985 1998
986 1388
988 1782
989 1187
989 1648
991 1678
992 1535
992 1671
994 1556
995 1192
995 1538
998 1498
1000 1450
1001 1304
1001 1800
1002 1621
1004 1468
1004 1847
1005 1064
1006 1621
1006 1766
1007 1701
1011 1631
1012 1436
1014 1350
1017 1223
1017 1373
1018 1716
1018 1901
1018 1911
1020 1881
1020 1972
1023 1880
1024 1113
1026 1228
1030 1449
1032 1144
1032 1780
1032 1953
1033 1268
1035 1132
1036 1243
1036 1279
1039 1638
1040 1162
1040 1785
1042 1077
1042 1798
1043 1416
1044 1389
1044 1993
1045 1107
1047 1055
1049 1154
1049 1415
1050 1149
1052 1108
1052 1240
1052 1902
1053 1730
1054 1295
1057 1803
1060 1413
1060 1541
1063 1964
1065 1068
1067 1148
1067 1224
1071 1113
1071 1428
1072 1205
1072 1215
1074 1879
1075 1185
1075 1386
1075 1742
1075 1893
1076 1244
1076 1736
1079 1711
1080 1712
1082 1490
1082 1555
1086 1769
1087 1965
1087 1996
1092 1361
1095 1181
1098 1111
1098 1471
1100 1117
1100 1747
1101 1574
1102 1374
1102 1446
1102 1687
1104 1729
1110 1173
1111 1326
1118 1124
1118 1593
1119 1304
1120 1367
1120 1611
1120 1755
1122 1443
1127 1513
1128 1251
1128 1264
1128 2000
1129 1945
1131 1248
1132 1312
1134 1589
1135 1138
1137 1506
1138 1872
1139 1188
1143 1359
1144 1430
1146 1386
1150 1256
1150 1470
1150 1612
1154 1777
1155 1346
1158 1869
1163 1267
1166 1425
1166 1639
1167 1384
1168 1208
1170 1924
1172 1552
1172 1591
1172 1680
1172 1824
1172 1863
1172 1867
1176 1291
1178 1543
1178 1994
1180 1377
1182 1272
1182 1424
1182 1848
1184 1334
1185 1490
1187 1388
1189 1192
1190 1686
1192 1575
1195 1279
1197 1743
1199 1226
1199 1682
1200 1400
1200 1531
1202 1530
1202 1602
1203 1444
1203 1685
1204 1600
1206 1276
1206 1516
1207 1296
1211 1494
1211 1797
1212 1728
1214 1341
1214 1397
1215 1594
1218 1939
1219 1342
1219 1958
1220 1592
1221 1503
1221 1818
1222 1505
1226 1362
1233 1611
1235 1467
1236 1250
1236 1339
1236 1474
1237 1491
1237 1553
1237 1596
1239 1441
1239 1630
1240 1426
1240 1930
1246 1817
1247 1511
1247 1911
1248 1370
1250 1569
1254 1478
1259 1831
1263 1407
1264 1587
1266 1851
1267 1715
1267 1889
1268 1636
1283 1931
1286 1814
1287 1564
1287 1910
1288 1292
1290 1522
1291 1352
1294 1701
1294 1734
1302 1327
1303 1771
1306 1560
1307 1441
1311 1837
1315 1754
1317 1969
1318 1385
1318 1963
1325 1739
1328 1662
1328 1800
1329 1567
1332 1489
1332 1794
1332 1937
1336 1926
1339 1486
1339 1986
1340 1657
1341 1544
1341 1943
1342 1408
1347 1651
1354 1456
1354 1495
1366 1455
1367 1920
1368 1626
1370 1808
1373 1864
1377 1836
1380 1392
1380 1886
1386 1725
1390 1469
1393 1955
1398 1417
1401 1577
1403 1486
1405 1637
1405 1792
1409 1473
1409 1873
1410 1668
1410 1748
1411 1756
1412 1891
1419 1558
1420 1422
1421 1933
1423 1854
1428 1496
1436 1708
1440 1835
1443 1812
1448 1796
1450 1827
1454 1501
1454 1808
1454 1862
1456 1988
1457 1601
1460 1592
1460 1639
1464 1687
1465 1804
1469 1842
1469 1927
1472 1582
1472 1885
1474 1928
1475 1963
1480 1508
1481 1689
1497 1534
1497 1631
1499 1608
1521 1597
1525 1603
1525 1765
1525 1772
1527 1704
1532 1900
1535 1732
1537 1566
1538 1871
1538 1974
1540 1610
1540 1770
1541 1718
1544 1579
1544 1654
1545 1908
1547 1571
1552 1947
1554 1970
1559 1700
1560 1663
1561 1863
1562 1581
1568 1664
1569 1925
1575 1793
1578 1809
1578 1845
1579 1746
1580 1884
1581 1707
1590 1619
1590 1998
1596 1774
1604 1894
1611 1645
1613 1623
1617 1673
1620 1718
1621 1665
1621 1950
1625 1714
1626 1883
1631 1646
1631 1981
1632 1880
1645 1819
1654 1722
1655 1860
1665 1924
1687 1888
1693 1772
1699 1705
1699 1931
1706 1781
1707 1805
1731 1853
1761 1864
1771 1856
1777 1943
1783 1871
1783 1987
1784 1977
1789 1932
1791 1823
1792 1898
1801 1938
1810 1890
1811 1884
1820 1826
1824 1825
1829 1906
1832 1946
1837 1980
1841 1960
1843 1933
1843 1996
1869 1959
1876 1913
1902 1982
1912 1976
1935 1944
1943 1991
