2000
1 334
1 406
1 495
1 687
1 1156
1 1596
2 62
2 121
2 147
2 193
2 392
2 431
2 736
2 804
2 834
2 1499
2 1532
3 206
3 508
3 577
3 1314
3 1444
3 1548
3 1807
3 1812
4 57
4 138
4 334
4 351
4 464
4 521
4 572
4 652
4 845
4 1038
4 1258
4 1539
4 1761
4 1960
4 1994
5 166
5 409
5 546
5 578
5 1188
5 1219
5 1365
5 1469
5 1563
5 1623
5 1644
6 30
6 88
6 364
6 622
6 695
6 828
6 1317
6 1597
6 1764
7 669
7 883
7 1110
7 1661
8 42
8 416
8 570
8 718
8 770
8 803
8 1011
8 1080
8 1412
9 81
9 191
9 465
9 642
9 758
9 826
9 849
9 962
9 1351
9 1506
9 1679
9 1965
10 83
10 109
10 137
10 274
10 587
10 820
10 927
10 1136
10 1305
10 1741
11 214
11 297
11 420
11 956
11 1143
11 1238
11 1276
11 1398
11 1457
11 1530
11 1547
11 1776
12 147
12 494
12 643
12 918
12 926
12 1028
12 1522
12 1551
12 1592
12 1757
13 235
13 329
13 740
13 742
13 1475
13 1675
13 1679
13 1738
13 1916
14 20
14 105
14 323
14 331
14 716
14 943
14 1001
14 1694
15 644
15 812
15 947
15 1537
15 1543
15 1573
15 1629
15 1681
16 45
16 168
16 323
16 470
16 948
16 1149
16 1227
16 1394
16 1540
16 1680
16 1891
17 111
17 136
17 165
17 174
17 365
17 649
17 652
17 773
17 863
17 880
17 1284
17 1620
17 1806
17 1829
18 105
18 169
18 584
18 871
18 907
18 972
18 1102
18 1445
18 1564
19 105
19 486
19 815
19 879
19 885
19 945
19 1207
19 1323
19 1641
19 1674
19 1769
19 1928
20 235
20 417
20 450
20 665
20 800
20 1183
20 1359
20 1422
20 1472
21 122
21 143
21 320
21 725
21 1198
21 1202
21 1457
21 1901
22 129
22 332
22 965
22 1049
22 1366
22 1466
22 1555
22 1604
22 1667
22 1866
22 1903
23 521
23 629
23 816
23 887
23 1252
24 63
24 228
24 234
24 299
24 597
24 803
24 813
24 824
24 883
24 1127
24 1231
24 1258
24 1388
24 1548
24 1854
25 128
25 224
25 226
25 442
25 1119
25 1264
25 1328
25 1356
26 110
26 124
26 325
26 611
26 691
26 762
26 1169
26 1400
26 1757
26 1768
26 1805
26 1811
27 375
27 1178
27 1270
27 1446
27 1522
27 1568
27 1733
28 241
28 268
28 387
28 460
28 630
28 634
28 998
28 1328
28 1360
28 1577
28 1602
28 1714
29 50
29 94
29 282
29 750
29 878
29 888
29 921
29 980
29 1135
29 1475
29 1801
29 1990
30 146
30 184
30 501
30 613
30 691
30 727
30 931
30 949
30 1026
30 1204
30 1699
30 1787
31 127
31 235
31 272
31 314
31 1448
31 1467
31 1648
31 1835
31 1841
31 1985
32 322
32 498
32 1201
32 1535
32 1976
33 257
33 259
33 789
33 828
33 829
33 1246
33 1348
33 1683
33 1696
33 1858
33 1895
34 975
34 992
34 1081
34 1158
34 1259
34 1342
34 1464
34 1472
34 1525
34 1862
34 1880
35 135
35 207
35 414
35 633
35 875
35 1530
35 1903
36 347
36 525
36 642
36 703
36 749
36 839
36 932
36 1431
36 1463
36 1987
37 221
37 1061
37 1089
37 1090
37 1252
37 1914
38 58
38 309
38 382
38 437
38 695
38 887
38 929
38 1260
38 1733
39 41
39 251
39 1021
39 1290
39 1372
40 191
40 484
40 651
40 1202
40 1332
40 1390
40 1392
40 1869
41 620
41 1445
41 1811
41 1964
42 94
42 111
42 139
42 267
42 292
42 627
42 679
42 859
42 965
42 1033
42 1072
42 1172
42 1225
42 1680
42 1744
42 1783
42 1880
42 1896
42 1904
43 354
43 1009
43 1288
43 1620
43 1841
43 1866
43 1990
44 47
44 405
44 467
44 529
44 1043
44 1131
44 1189
44 1226
44 1385
44 1776
44 1944
45 154
45 172
45 374
45 411
45 518
45 578
45 763
45 1189
45 1228
45 1345
45 1454
45 1459
45 1460
46 81
46 124
46 523
46 587
46 1000
46 1335
46 1422
46 1721
46 1752
47 355
47 482
47 588
47 619
47 934
47 1492
47 1548
47 1596
47 1883
48 130
48 150
48 359
48 517
48 545
48 623
48 1422
48 1487
48 1508
48 1736
48 1961
49 179
49 228
49 295
49 768
49 1248
49 1348
49 1464
49 1555
49 1591
49 1649
49 1793
49 1855
50 97
50 299
50 332
50 551
50 585
50 709
50 739
50 791
50 1109
50 1117
50 1175
50 1411
50 1559
51 118
51 377
51 385
51 473
51 1134
51 1279
51 1600
51 1982
52 56
52 113
52 399
52 607
52 631
52 806
52 1057
52 1105
52 1139
52 1214
52 1442
52 1539
52 1554
52 1805
53 148
53 377
53 475
53 1373
53 1729
54 57
54 364
54 392
54 666
54 895
54 1111
54 1402
54 1579
55 60
55 270
55 277
55 365
55 502
55 520
55 558
55 971
55 1077
55 1197
55 1431
55 1895
56 239
56 255
56 391
56 481
56 533
56 659
56 1008
56 1030
56 1264
56 1415
56 1677
56 1738
56 1859
57 67
57 138
57 714
57 807
57 1091
57 1314
57 1315
57 1352
57 1474
58 355
58 475
58 1957
59 128
59 482
59 619
59 765
59 1230
59 1700
59 1744
60 353
60 542
60 651
60 1197
60 1257
60 1878
60 1881
61 385
61 596
61 649
61 673
61 905
61 1055
61 1262
61 1324
61 1811
61 1865
61 1923
62 368
62 412
62 614
62 691
62 733
62 739
62 939
62 940
62 1278
62 1401
62 1713
62 1791
62 1845
62 1959
63 699
63 721
63 996
63 1588
63 1610
63 1916
64 277
64 306
64 817
64 1096
64 1128
64 1234
64 1696
64 1794
64 1955
65 120
65 359
65 370
65 444
65 959
65 989
65 1241
65 1331
65 1633
65 1661
65 1870
65 1890
66 480
66 497
66 1204
66 1312
66 1595
66 1709
66 1776
67 73
67 86
67 92
67 729
67 900
67 1134
67 1502
67 1513
68 264
68 335
68 387
68 480
68 736
68 748
68 827
68 834
68 1077
68 1096
68 1144
68 1157
68 1169
68 1250
68 1295
68 1332
68 1367
68 1388
68 1572
68 1662
68 1749
68 1750
68 1875
69 107
69 201
69 635
69 706
69 987
69 1767
70 239
70 323
70 359
70 591
70 1156
70 1169
70 1224
70 1574
70 1704
70 1752
70 1832
70 1954
70 1965
71 485
71 518
71 756
71 807
71 845
71 1255
71 1267
71 1364
71 1384
71 1426
71 1645
71 1663
71 1707
71 1876
71 1882
71 1957
72 81
72 872
72 1223
72 1272
72 1438
72 1486
72 1839
73 85
73 376
73 545
73 743
73 888
73 927
73 998
73 1586
73 1589
73 1625
74 213
74 384
74 419
74 1276
74 1613
74 1958
75 86
75 165
75 889
75 1252
75 1316
75 1605
75 1682
76 177
76 239
76 339
76 546
76 611
76 736
76 813
76 1173
76 1315
76 1354
76 1603
76 1684
76 1976
77 141
77 381
77 596
77 666
77 782
77 783
77 791
77 985
77 1029
77 1146
77 1172
77 1857
77 1990
78 231
78 298
78 301
78 312
78 765
78 926
78 991
78 1031
78 1386
78 1439
78 1809
78 1814
78 1905
79 186
79 216
79 350
79 419
79 1338
79 1406
79 1415
79 1565
79 1571
79 1920
80 151
80 242
80 840
80 933
80 987
80 1299
80 1346
80 1546
80 1549
80 1622
80 1644
80 1760
80 1965
81 310
81 537
81 738
81 829
81 875
81 919
81 1004
81 1200
81 1531
81 1658
81 1844
82 494
82 512
82 769
82 887
82 932
82 1079
82 1233
82 1458
82 1731
82 1799
82 1975
83 485
83 1057
83 1187
83 1380
83 1721
83 1824
83 1833
84 136
84 327
84 380
84 460
84 770
84 1219
84 1277
84 1522
84 1805
84 1881
84 1883
84 1938
85 173
85 267
85 273
85 607
85 669
85 717
85 799
85 926
85 1263
85 1704
85 1809
85 1860
85 1868
86 269
86 278
86 532
86 728
86 777
86 945
86 993
86 1007
86 1293
86 1473
87 277
87 486
87 621
87 934
87 1419
87 1622
87 1774
87 1874
87 1965
88 216
88 400
88 646
88 647
88 1246
88 1374
88 1705
88 1747
89 250
89 261
89 264
89 638
89 782
89 963
89 1062
89 1122
89 1172
89 1186
89 1538
89 1615
89 1898
89 1905
90 133
90 464
90 525
90 748
90 968
90 1129
90 1281
90 1467
90 1637
90 1645
91 228
91 343
91 398
91 535
91 571
91 919
91 922
91 924
91 1134
91 1401
91 1554
91 1607
92 199
92 386
92 622
92 740
92 790
92 969
92 1183
92 1254
92 1329
92 1505
93 118
93 181
93 334
93 365
93 837
93 1075
93 1738
93 1971
93 1973
94 355
94 490
94 534
94 1252
94 1268
94 1663
94 1680
94 1782
94 1875
94 1987
95 412
95 417
95 429
95 727
95 747
95 1116
95 1236
95 1627
95 1635
95 1717
95 1922
95 1935
96 444
96 657
96 824
96 1008
96 1205
96 1588
96 1841
97 243
97 294
97 339
97 501
97 669
97 753
97 771
97 894
97 946
97 1646
97 1943
98 185
98 428
98 871
98 911
98 971
98 1007
98 1294
98 1302
98 1310
98 1398
98 1531
98 1705
99 148
99 230
99 415
99 454
99 929
99 980
99 1044
99 1224
99 1469
99 1513
99 1552
99 1589
99 1679
99 1747
100 362
100 537
100 548
100 648
100 889
100 892
100 1254
100 1388
100 1555
100 1656
100 1772
101 152
101 679
101 696
101 980
101 1001
101 1257
101 1505
101 1521
101 1601
102 209
102 613
102 680
102 685
102 940
102 1455
102 1542
102 1698
102 1878
103 204
103 270
103 679
103 688
103 885
103 962
103 970
103 1715
103 1807
103 1823
104 221
104 604
104 646
104 1180
104 1404
104 1409
104 1430
104 1458
104 1465
104 1488
104 1590
104 1644
104 1660
104 1885
105 136
105 260
105 516
105 531
105 539
105 956
105 1329
105 1482
105 1709
105 1930
106 107
106 237
106 337
106 446
106 951
106 1234
106 1586
106 1605
107 261
107 321
107 520
107 614
107 615
107 923
107 1123
107 1432
107 1466
108 124
108 250
108 385
108 439
108 605
108 1514
108 1565
108 1617
108 1663
108 1742
108 1794
109 120
109 216
109 685
109 875
109 878
109 1164
109 1477
109 1554
109 1801
109 1884
110 228
110 305
110 346
110 956
110 1239
110 1750
110 1947
110 1952
111 637
111 974
111 1260
111 1583
111 1819
111 1820
111 1886
111 1990
111 1999
112 147
112 348
112 404
112 929
112 973
112 1059
112 1091
112 1263
112 1394
112 1754
113 395
113 550
113 703
113 1114
113 1217
113 1433
113 1619
113 1792
114 263
114 402
114 444
114 487
114 551
114 839
114 957
114 1193
114 1275
114 1485
114 1521
114 1726
115 282
115 553
115 583
115 1630
115 1981
116 241
116 1571
116 1729
116 1837
117 313
117 516
117 666
117 710
117 763
117 813
117 863
117 1204
117 1237
117 1298
117 1327
117 1725
117 1884
118 286
118 438
118 620
118 728
118 1250
118 1320
118 1656
119 1007
119 1083
119 1131
119 1313
119 1349
119 1441
120 121
120 459
120 498
120 516
120 588
120 599
120 676
120 800
120 805
120 913
120 1071
120 1141
120 1256
120 1279
120 1780
121 293
121 310
121 877
121 918
121 1022
121 1301
121 1423
121 1593
121 1771
122 254
122 374
122 589
122 866
122 1580
122 1891
122 1930
122 1981
122 1994
123 891
123 1447
123 1698
123 1758
124 143
124 154
124 163
124 403
124 1096
124 1403
124 1487
124 1499
124 1778
124 1807
124 1913
125 610
125 755
125 984
125 1012
125 1453
125 1621
125 1779
125 1968
126 224
126 473
126 513
126 664
126 911
126 934
126 989
126 1007
126 1106
126 1323
126 1770
126 1826
126 1862
126 1875
126 1907
127 259
127 453
127 559
127 618
127 640
127 711
127 738
127 992
127 1112
127 1165
127 1223
127 1326
127 1374
127 1420
127 1676
127 1773
128 398
128 644
128 726
128 783
128 1470
128 1966
129 191
129 196
129 355
129 978
129 1174
129 1192
129 1305
129 1380
129 1562
129 1595
130 318
130 410
130 542
130 593
130 755
130 1048
130 1069
130 1115
130 1316
131 222
131 368
131 602
131 1061
131 1278
131 1345
131 1352
131 1535
131 1639
131 1657
131 1889
132 1030
132 1215
132 1369
132 1705
132 1725
132 1942
133 271
133 398
133 767
133 1105
133 1122
133 1316
133 1327
133 1406
133 1579
133 1799
134 307
134 395
134 474
134 538
134 571
134 997
134 1226
134 1327
135 283
135 533
135 609
135 691
135 985
135 1165
135 1355
135 1575
135 1980
136 382
136 776
136 797
136 1125
136 1166
136 1220
136 1221
136 1222
136 1310
136 1503
136 1544
136 1664
137 256
137 343
137 417
137 735
137 988
137 1048
137 1282
137 1443
137 1588
137 1614
137 1618
137 1800
137 1956
138 497
138 659
138 696
138 774
138 1244
138 1261
138 1410
138 1500
138 1905
138 1933
138 1950
139 149
139 377
139 437
139 577
139 634
139 954
139 1718
139 1871
140 243
140 1043
140 1600
141 985
141 1234
141 1453
141 1456
141 1742
141 1754
141 1799
142 246
142 272
142 724
142 783
142 817
142 837
142 1060
142 1300
142 1312
142 1555
142 1592
142 1783
142 1925
143 429
143 444
143 610
143 851
143 926
143 1047
143 1310
144 202
144 301
144 457
144 613
144 727
144 1030
144 1129
144 1176
144 1387
145 344
145 401
145 431
145 700
145 941
145 1123
145 1171
145 1227
145 1279
145 1383
145 1439
145 1520
145 1527
145 1837
145 1987
146 265
146 325
146 667
146 727
146 1023
146 1148
146 1753
146 1848
147 206
147 549
147 691
147 698
147 869
147 1010
147 1204
147 1313
148 169
148 653
148 964
148 1058
148 1248
148 1428
148 1444
148 1723
149 369
149 523
149 577
149 764
149 925
149 1053
149 1180
149 1292
149 1399
149 1438
149 1921
149 1988
150 212
150 257
150 298
150 582
150 756
150 877
150 1105
150 1665
150 1907
150 1911
151 281
151 572
151 616
151 631
151 780
151 882
151 1570
151 1967
152 191
152 389
152 418
152 711
152 1438
152 1461
152 1504
152 1597
153 342
153 361
153 477
153 555
153 734
153 822
153 1353
153 1898
154 250
154 273
154 373
154 398
154 1078
154 1127
154 1218
154 1232
154 1254
154 1390
154 1482
154 1627
154 1766
154 1769
155 403
155 662
155 742
155 1020
155 1035
155 1759
155 1797
155 1933
155 1942
156 370
156 442
156 468
156 901
156 957
156 1015
156 1067
156 1182
156 1204
156 1292
156 1301
156 1545
156 1677
156 1740
156 1759
156 1878
157 348
157 582
157 746
157 803
157 934
157 1166
157 1613
157 1968
158 215
158 259
158 400
158 425
158 451
158 644
158 655
158 664
158 703
158 954
158 976
158 1044
158 1096
158 1209
158 1508
158 1712
158 1823
158 1900
159 307
159 595
159 981
159 1291
159 1500
159 1509
159 1665
160 644
160 757
160 782
160 835
160 1207
160 1282
160 1385
160 1829
161 356
161 371
161 485
161 543
161 927
161 1203
161 1340
161 1378
161 1381
161 1435
161 1552
161 1726
161 1944
161 1964
162 300
162 336
162 796
162 1188
162 1284
162 1381
162 1442
162 1594
162 1623
162 1663
162 1700
162 1961
163 186
163 477
163 504
163 1104
163 1654
163 1786
164 252
164 296
164 298
164 369
164 410
164 462
164 800
164 824
164 994
164 999
164 1227
164 1587
164 1770
164 1826
165 167
165 254
165 525
165 901
165 971
165 1237
165 1356
165 1505
165 1895
165 1967
166 245
166 819
166 1348
166 1684
166 1835
167 636
167 810
167 1384
167 1491
167 1611
167 1825
167 1972
168 231
168 297
168 477
168 795
168 1529
168 1592
168 1639
168 1769
168 1849
169 286
169 292
169 452
169 1086
169 1263
169 1346
169 1401
169 1478
169 1881
170 179
170 217
170 984
170 1072
170 1114
170 1527
170 1828
171 187
171 375
171 445
171 475
171 584
171 743
171 782
171 802
171 879
171 892
171 905
171 1217
171 1523
171 1784
171 1833
171 1902
172 190
172 333
172 495
172 660
172 682
172 725
172 780
172 902
172 1064
172 1562
173 181
173 431
173 624
173 688
173 1139
173 1191
173 1697
173 1888
174 281
174 797
174 994
174 1396
174 1420
174 1452
174 1659
174 1739
175 451
175 461
175 757
175 954
175 1188
175 1330
175 1985
176 469
176 516
176 566
176 635
176 756
176 829
176 878
176 1511
176 1612
176 1861
177 377
177 694
177 776
177 974
177 1113
177 1294
177 1392
177 1481
177 1692
178 872
178 975
178 1188
178 1234
178 1506
178 1773
179 399
179 632
179 663
179 738
179 778
179 1166
179 1245
179 1410
179 1450
179 1451
179 1547
179 1723
179 1727
179 1886
180 319
180 675
180 680
180 817
180 974
180 992
180 1608
180 1863
181 230
181 288
181 790
181 854
181 939
181 1315
181 1468
182 246
182 582
182 631
182 848
182 961
182 1013
182 1142
182 1566
182 1602
182 1656
182 1682
182 1783
182 1827
182 1898
182 1921
183 212
183 659
183 1327
183 1560
183 1632
183 1972
184 196
184 244
184 528
184 551
184 958
184 1063
184 1427
184 1772
185 308
185 584
185 766
185 957
185 1164
185 1307
185 1495
185 1667
185 1694
185 1714
185 1851
186 202
186 383
186 775
186 800
186 983
186 1184
186 1191
186 1254
186 1385
186 1451
186 1584
186 1875
186 1916
187 211
187 398
187 583
187 594
187 760
188 209
188 442
188 631
188 788
188 988
188 1307
188 1698
189 360
189 433
189 471
189 595
189 735
189 1057
189 1751
190 204
190 399
190 583
190 932
190 1025
190 1377
191 548
191 666
191 760
191 952
191 1250
191 1590
191 1964
192 983
192 1013
192 1214
192 1329
192 1380
192 1452
192 1719
192 1752
192 1823
193 289
193 567
193 731
193 794
193 1462
193 1464
193 1765
194 357
194 520
194 549
194 732
194 752
194 880
194 1412
194 1743
194 1918
195 509
195 648
195 949
195 1026
195 1117
195 1624
196 469
196 821
196 865
196 978
196 1124
196 1147
196 1201
196 1445
196 1927
197 971
197 1524
197 1809
198 441
198 484
198 612
198 756
198 829
198 962
198 1167
198 1288
198 1736
198 1782
198 1822
198 1950
199 570
199 610
199 806
199 1138
199 1462
200 328
200 354
200 364
200 692
200 743
200 892
200 925
200 1414
200 1597
200 1976
201 617
201 1087
201 1402
201 1466
201 1562
201 1647
201 1765
201 1960
202 430
202 462
202 466
202 547
202 671
202 893
202 1077
202 1086
202 1215
202 1412
202 1448
202 1450
203 219
203 250
203 856
203 1012
203 1613
203 1639
204 293
204 1033
204 1118
204 1575
205 592
205 1162
205 1367
205 1389
205 1559
205 1569
205 1916
205 1993
206 1335
206 1344
206 1415
206 1558
207 372
207 390
207 576
207 609
207 917
207 985
207 1002
207 1402
207 1513
207 1826
207 1896
207 1952
208 227
208 364
208 454
208 554
208 555
208 577
208 838
208 1268
209 230
209 455
209 566
209 906
209 923
209 1928
210 555
210 573
210 629
210 726
210 774
210 822
210 868
210 932
210 1114
210 1710
210 1719
210 1780
211 302
211 418
211 486
211 528
211 570
211 673
211 1361
211 1478
211 1560
211 1871
211 1884
212 311
212 323
212 397
212 976
212 1139
212 1318
213 473
213 678
213 705
213 774
213 802
213 922
213 1014
213 1102
213 1218
213 1239
213 1736
213 1911
214 429
214 472
214 744
214 798
214 843
214 893
214 948
214 1493
214 1660
214 1703
215 245
215 344
215 357
215 917
215 923
215 1105
215 1204
215 1260
216 880
216 889
216 947
216 1344
217 543
217 1001
217 1348
217 1603
217 1621
217 1772
217 1872
218 704
218 1069
218 1215
218 1501
218 1511
218 1611
218 1775
219 280
219 748
219 849
219 922
219 962
220 263
220 736
220 1140
220 1231
220 1446
220 1587
220 1655
220 1772
220 1950
221 507
221 645
221 651
221 758
221 1387
221 1476
221 1734
222 525
222 578
222 699
222 1266
222 1355
222 1480
222 1580
222 1690
222 1817
222 1869
223 520
223 686
223 754
223 1504
223 1510
223 1783
223 1829
224 1710
224 1728
224 1971
225 233
225 620
225 621
225 651
225 879
225 1111
225 1168
225 1578
225 1689
225 1736
226 264
226 348
226 631
226 1893
226 1934
226 2000
227 1060
227 1298
227 1492
227 1709
227 1787
227 1805
228 400
228 708
228 756
228 1209
228 1261
228 1595
228 1651
228 1763
228 1891
229 488
229 970
229 1050
229 1228
229 1415
229 1430
229 1655
229 1852
229 1853
230 286
230 420
230 422
230 620
230 951
230 1255
230 1611
230 1694
230 1816
230 1817
231 342
231 358
231 888
231 1610
231 1796
231 1819
231 1954
232 349
232 703
232 712
232 877
232 916
232 1068
232 1255
232 1381
232 1523
232 1650
232 1713
232 1834
233 406
233 613
233 917
233 1104
233 1275
233 1335
233 1943
234 958
234 1190
234 1370
234 1477
234 1642
234 1960
235 438
235 1367
235 1405
236 363
236 408
236 439
236 469
236 599
236 857
236 885
236 1002
236 1193
236 1260
236 1423
236 1436
236 1437
236 1482
236 1768
236 1883
236 1953
237 422
237 496
237 1162
237 1288
238 382
238 1083
238 1334
238 1434
238 1936
239 395
239 422
239 612
239 826
239 1204
239 1213
239 1233
239 1421
239 1909
239 1925
239 1959
240 260
240 373
240 434
240 559
240 585
240 628
240 817
240 997
240 1547
240 1559
240 1597
240 1902
240 1920
241 309
241 451
241 625
241 643
241 655
241 711
241 1199
241 1721
241 1916
242 249
242 380
242 423
242 1450
242 1479
243 302
243 492
243 516
243 1144
243 1226
243 1334
243 1378
243 1441
243 1454
243 1541
243 1632
244 246
244 427
244 620
244 1086
244 1202
244 1431
244 1519
244 1622
244 1640
244 1765
244 1815
245 393
245 583
245 768
245 1087
245 1526
245 1654
245 1940
246 423
246 990
246 1283
246 1397
246 1437
246 1584
246 1812
246 1963
247 449
247 1301
247 1781
247 1898
248 444
248 1104
248 1134
248 1189
248 1307
248 1322
248 1327
248 1532
248 1570
248 1689
249 539
249 839
249 882
249 1185
249 1669
250 453
250 523
250 1102
250 1104
250 1580
250 1644
250 1709
250 1897
251 620
251 662
251 785
251 887
251 918
251 1223
251 1468
251 1532
251 1651
251 1719
251 1767
251 1882
251 1914
252 559
252 847
252 1079
252 1472
252 1489
252 1882
252 1920
253 324
253 580
253 720
253 779
253 790
253 873
253 1132
253 1389
253 1454
253 1767
253 1948
254 311
254 498
254 516
254 546
254 896
254 1002
254 1591
254 1752
254 1771
255 461
255 757
255 825
255 1060
255 1334
255 1400
255 1427
255 1653
255 1712
255 1900
255 1965
256 487
256 494
256 656
256 672
256 1417
256 1497
256 1694
256 1916
257 655
257 770
257 1141
257 1237
257 1714
258 566
258 579
258 769
258 841
258 980
258 1131
258 1234
258 1304
258 1406
258 1623
259 408
259 481
259 535
259 853
259 1320
259 1399
259 1421
259 1671
259 1680
259 1785
259 1977
260 393
260 590
260 1084
260 1169
260 1340
260 1479
260 1664
260 1683
260 1689
261 516
261 772
261 1013
261 1270
261 1427
261 1566
261 1736
261 1742
262 481
262 647
262 698
262 912
262 944
262 960
262 978
262 1274
262 1358
262 1645
262 1717
262 1760
262 1891
262 1987
263 679
263 700
263 763
263 794
263 871
263 895
263 1096
263 1136
263 1260
263 1265
263 1285
263 1363
263 1590
263 1848
264 693
264 745
264 1090
264 1231
264 1243
264 1442
265 759
265 1161
265 1334
265 1524
266 292
266 410
266 424
266 478
266 490
266 657
266 686
266 822
266 1168
266 1467
266 1957
267 366
267 712
267 915
267 1075
267 1276
267 1485
267 1518
267 1843
268 384
268 911
268 1101
268 1350
268 1672
269 360
269 388
269 548
269 595
269 615
269 750
269 776
269 1149
269 1164
269 1171
269 1180
269 1285
269 1489
269 1627
270 287
270 331
270 407
270 1085
270 1119
270 1300
270 1378
270 1549
270 1786
271 728
271 854
271 1102
271 1209
271 1630
271 1864
272 740
272 894
272 1027
272 1456
272 1507
273 348
273 536
273 659
273 873
273 976
273 1278
273 1296
273 1308
273 1398
273 1479
273 1517
273 1959
273 2000
274 530
274 540
274 727
274 1310
274 1350
274 1570
274 1796
274 1867
274 1949
275 612
275 1062
275 1069
275 1394
275 1491
276 671
276 712
276 1165
276 1378
276 1427
276 1451
276 1452
276 1708
276 1801
276 1910
276 1924
277 455
277 551
277 657
277 675
277 789
277 922
277 1390
277 1642
277 1768
277 1879
277 1946
278 371
278 687
278 970
278 1183
278 1207
278 1620
279 314
279 376
279 879
279 1032
279 1280
280 297
280 374
280 1061
280 1316
280 1468
280 1629
280 1834
280 1903
281 286
281 557
281 622
281 946
281 1170
281 1193
281 1283
281 1914
281 1919
282 413
282 460
282 669
282 863
282 1119
282 1322
282 1545
282 1563
283 645
283 671
283 782
283 898
283 1051
283 1243
283 1493
283 1908
284 344
284 414
284 549
284 818
284 1079
284 1173
284 1438
284 1870
284 1951
285 682
285 697
285 712
285 1145
285 1191
285 1774
285 1835
286 405
286 566
286 646
286 828
286 1063
286 1418
286 1507
286 1799
287 668
287 735
287 783
287 1568
287 1604
287 1778
288 403
288 723
288 1183
288 1567
288 1636
288 1792
289 297
289 848
289 897
289 992
289 1054
289 1091
289 1157
289 1597
289 1711
290 923
290 1042
290 1097
290 1717
290 1903
291 390
291 723
291 729
291 1151
291 1472
291 1621
291 1866
291 1894
292 328
292 394
292 441
292 709
292 1423
292 1443
292 1490
292 1517
293 738
293 757
293 949
293 1210
293 1367
294 438
294 1069
294 1332
294 1780
294 1924
295 872
295 1195
295 1847
295 1923
295 1940
296 335
296 409
296 437
296 885
296 1781
297 1298
297 1367
297 1413
297 1499
297 1518
297 1665
297 1717
298 454
298 486
298 519
298 952
298 1014
298 1151
298 1380
299 308
299 378
299 402
299 416
299 515
299 739
299 1959
299 1964
300 604
300 615
300 793
300 1430
300 1455
300 1659
300 1760
300 1792
301 875
301 1132
301 1551
301 1874
301 1990
302 322
302 432
302 503
302 524
302 572
302 753
302 1234
302 1243
302 1342
302 1344
302 1358
302 1453
302 1515
302 1664
302 1783
302 1900
303 349
303 359
303 670
303 751
303 855
303 1004
303 1254
303 1334
303 1482
303 1791
303 1809
303 1878
303 1922
304 446
304 500
304 511
304 590
304 645
304 821
304 1439
304 1740
304 1791
304 1914
305 645
305 693
305 700
305 1008
305 1022
305 1182
305 1328
305 1505
305 1512
305 1617
305 1786
305 1828
306 563
306 986
306 1268
306 1860
307 448
307 653
307 761
307 945
307 1035
307 1393
307 1729
307 1769
307 1992
308 817
308 910
308 930
308 974
308 1164
308 1211
308 1330
308 1810
308 1980
309 334
309 739
309 799
309 864
309 1023
309 1206
309 1215
309 1233
309 1570
309 1704
309 1813
310 375
310 435
310 531
310 1096
310 1758
311 508
311 518
311 700
311 849
311 963
311 1049
311 1171
311 1262
311 1323
311 1405
311 1768
311 1954
312 366
312 894
312 1151
312 1305
312 1316
312 1352
312 1540
313 347
313 552
313 585
313 607
313 730
313 873
313 919
313 1139
313 1184
313 1301
313 1362
313 1846
313 1917
314 666
314 851
314 959
314 1201
314 1357
314 1556
314 1595
314 1640
314 1875
315 1031
315 1419
315 1421
315 1665
315 1805
315 1934
315 1987
316 793
316 829
316 1150
316 1565
316 1788
316 1961
317 799
317 1118
317 1825
317 1985
318 643
318 733
318 792
318 1611
318 1852
319 441
319 882
319 938
319 1036
319 1315
319 1530
319 1615
319 1644
319 1669
319 1687
319 1815
320 472
320 542
320 612
320 620
320 948
320 960
320 963
320 988
320 1244
320 1259
320 1556
320 1767
320 1911
320 1969
321 353
321 724
321 856
321 1179
321 1298
321 1570
321 1766
322 489
322 719
322 732
322 1040
322 1318
322 1395
322 1545
323 763
323 864
323 1230
323 1314
323 1348
323 1587
323 1596
323 1686
323 1773
323 1778
323 1825
323 1887
324 463
324 515
324 552
324 697
324 706
324 943
324 1301
324 1607
324 1820
324 1907
324 1918
325 328
325 380
325 449
325 576
325 648
325 669
325 722
325 1344
325 1411
325 1553
325 1882
326 578
326 689
326 693
326 714
326 981
326 1004
326 1696
326 1770
326 1834
327 487
327 640
327 750
327 1547
327 1562
327 1656
327 1734
327 1823
328 390
328 702
328 867
328 925
328 1315
328 1767
329 562
329 609
329 758
329 1322
329 1812
329 1952
330 690
330 743
330 1163
330 1424
330 1690
331 354
331 474
331 683
331 852
331 1242
331 1348
331 1445
332 623
332 626
332 881
332 1185
332 1260
332 1912
333 347
333 861
333 1000
333 1021
333 1025
333 1351
333 1423
334 786
334 830
334 1020
335 521
335 721
335 798
335 1044
335 1317
335 1521
335 1731
335 1820
335 1891
336 458
336 1450
336 1502
336 1589
336 1947
337 535
337 939
337 1015
337 1215
337 1249
337 1283
337 1392
337 1491
337 1524
337 1560
337 1851
337 1946
338 513
338 671
338 1312
338 1416
338 1470
338 1517
338 1698
338 1706
338 1813
339 702
339 1266
339 1588
339 1666
339 1691
339 1697
339 1860
339 1867
339 1964
339 1997
340 662
340 806
340 975
340 1274
340 1362
340 1507
340 1765
340 1902
341 681
341 692
341 953
341 1071
341 1409
342 357
342 573
342 667
342 895
342 1002
342 1045
342 1263
342 1346
342 1386
342 1403
342 1596
342 1697
342 1988
342 1992
343 442
343 1028
343 1338
343 1343
343 1488
343 1588
343 1882
343 1920
343 1986
344 367
344 786
344 924
344 1025
344 1052
344 1235
344 1414
344 1455
345 669
345 681
345 780
345 1016
345 1095
345 1361
345 1414
345 1557
345 1693
345 1843
345 1973
346 425
346 765
346 896
346 1081
346 1403
346 1678
346 1994
347 399
347 871
348 576
348 712
348 766
348 830
348 1137
348 1197
348 1279
348 1481
348 1514
348 1896
349 394
349 416
349 555
349 638
350 371
350 417
350 1069
350 1109
350 1147
350 1219
350 1224
350 1357
350 1475
350 1848
350 1991
351 398
351 611
351 840
351 1311
351 1326
351 1985
352 408
352 549
352 677
352 977
352 998
352 1212
352 1277
352 1455
352 1481
353 526
353 631
353 787
353 869
353 1033
353 1158
353 1262
353 1749
353 1789
353 1985
354 437
354 767
354 810
354 903
354 1100
354 1215
354 1440
354 1445
354 1765
354 1819
354 1936
355 389
355 445
355 571
355 770
355 808
355 1060
355 1318
355 1461
355 1822
355 1891
356 641
356 842
356 1091
356 1166
356 1641
356 1678
356 1897
357 371
357 450
357 801
357 804
357 1289
357 1303
357 1308
357 1386
357 1388
357 1513
357 1672
357 1730
357 1967
358 555
358 607
358 668
358 678
358 791
358 1092
358 1227
358 1409
358 1544
358 1546
358 1658
358 1712
358 1887
359 378
359 529
359 587
359 618
359 800
359 1024
359 1135
359 1555
359 1660
359 1702
359 1735
359 1805
359 1950
359 1961
360 620
360 1057
360 1133
360 1203
360 1210
360 1398
360 1730
361 376
361 438
361 759
361 842
361 859
361 1036
361 1315
361 1821
361 1890
361 1951
362 415
362 606
362 639
362 962
362 1714
362 1716
363 370
363 525
363 677
363 1018
363 1057
363 1110
363 1565
364 417
364 539
364 774
364 884
364 1452
365 473
365 782
365 835
365 1054
365 1258
365 1367
365 1725
366 389
366 776
366 1294
367 526
367 639
367 740
367 1149
367 1257
367 1382
367 1558
367 1922
368 531
368 536
368 769
368 888
368 1027
368 1298
368 1523
368 1539
368 1797
368 1933
368 1934
369 465
369 688
369 788
369 1125
369 1219
369 1350
369 1572
369 1659
369 1675
369 1695
369 1720
369 1740
370 590
370 1012
370 1207
370 1383
370 1435
370 1688
370 1857
370 1885
370 1904
370 1955
371 454
371 511
371 519
371 769
371 808
371 1195
371 1515
371 1724
371 1850
371 1880
372 440
372 793
372 810
372 1103
372 1185
372 1302
372 1381
372 1478
372 1681
372 1776
372 1838
372 1966
373 627
373 958
373 1034
373 1377
373 1500
373 1781
373 1833
373 1859
373 1896
373 1904
374 497
374 600
374 689
374 754
374 881
374 890
374 918
374 1326
374 1343
374 1357
374 1419
374 1432
374 1485
374 1580
374 1924
374 1964
375 629
375 943
375 1082
375 1921
376 511
376 617
376 686
376 721
376 1056
376 1294
376 1475
376 1516
376 1565
376 1589
376 1796
376 1809
376 1929
376 1986
376 1994
377 453
377 478
377 727
377 802
377 818
377 1037
377 1456
377 1477
378 822
378 879
378 886
378 934
378 1033
378 1475
378 1497
378 1543
378 1971
379 619
379 725
379 1037
379 1060
379 1121
379 1284
379 1401
379 1451
379 1467
379 1518
379 1608
379 1817
380 664
380 718
380 1269
380 1370
380 1439
380 1521
380 1649
380 1696
380 1762
380 1970
381 626
381 645
381 714
381 1391
381 1644
381 1705
381 1830
382 877
382 983
382 1203
382 1990
383 624
383 632
383 958
383 1024
383 1155
383 1284
383 1466
383 1606
383 1696
384 492
384 650
384 661
384 699
384 777
384 1980
385 721
385 770
385 972
385 1232
385 1362
385 1405
385 1631
385 1856
385 1898
386 395
386 685
386 1344
386 1730
386 1828
386 1833
386 1882
386 1998
387 800
387 919
387 1125
387 1347
387 1363
387 1478
387 1757
387 1859
387 1954
388 589
388 616
388 937
388 1305
388 1325
388 1378
388 1527
388 1736
388 1768
389 665
389 1379
389 1389
389 1404
390 429
390 502
390 857
390 1221
390 1297
390 1622
390 1802
390 1805
390 1913
390 1931
390 1970
390 1996
391 568
391 573
391 598
391 605
391 612
391 899
391 1072
391 1126
392 587
392 664
392 812
392 1088
392 1138
392 1316
392 1469
392 1484
392 1485
393 694
393 1124
393 1344
393 1452
393 1536
393 1726
393 1866
393 1943
394 589
394 828
394 860
394 910
394 991
394 1132
394 1442
394 1756
394 1776
394 1803
395 451
395 550
395 554
395 877
395 1124
395 1231
395 1278
395 1322
395 1334
395 1583
396 682
396 888
396 1343
396 1773
396 1928
397 425
397 578
397 663
397 1035
397 1097
397 1217
397 1326
397 1480
397 1646
397 1977
398 511
398 791
398 924
398 1137
398 1163
398 1342
398 1366
398 1371
398 1469
398 1501
399 521
399 524
399 543
399 740
399 744
399 1126
399 1415
399 1551
399 1701
399 1717
399 1862
399 1892
400 558
400 794
400 1025
400 1130
400 1473
400 1511
401 451
401 589
401 953
401 1085
401 1095
401 1185
401 1381
401 1925
402 440
402 489
402 528
402 815
402 1093
402 1164
402 1302
402 1760
402 1945
403 540
403 1355
403 1451
403 1559
403 1575
403 1598
404 1325
404 1352
404 1718
404 1825
405 1187
405 1524
406 443
406 1138
406 1158
406 1228
406 1371
406 1575
407 435
407 561
407 638
407 679
407 849
407 903
407 1101
407 1784
407 1985
408 585
408 859
408 1085
408 1207
408 1313
408 1425
408 1586
408 1741
408 1773
408 1826
409 514
409 686
409 733
409 807
409 983
409 1135
409 1302
409 1322
409 1582
409 1648
409 1798
410 453
410 639
410 660
410 1104
410 1203
410 1215
410 1579
410 1736
411 534
411 563
411 851
411 1049
411 1184
411 1228
411 1453
411 1479
411 1634
411 1837
411 1860
411 1977
412 624
412 951
412 1322
412 1481
412 1972
413 556
413 572
413 1068
413 1114
413 1200
414 537
414 1088
414 1139
414 1344
414 1833
414 1903
415 429
415 544
415 639
415 962
415 1314
415 1500
415 1524
415 1559
415 1568
415 1688
415 1856
416 517
416 738
416 1184
416 1240
416 1317
416 1625
416 1775
416 1945
417 559
417 1093
417 1100
417 1220
417 1222
417 1238
417 1314
417 1353
417 1429
417 1965
418 794
418 886
418 1181
418 1230
418 1558
418 1701
418 1758
418 1840
419 622
419 701
419 710
419 792
419 818
419 1438
419 1505
419 1677
419 1689
420 758
420 963
420 1095
420 1327
420 1329
420 1362
420 1414
420 1838
421 630
421 1225
421 1303
421 1386
421 1571
421 1723
421 1950
422 923
422 980
422 1171
422 1211
422 1544
422 1609
422 1680
422 1768
422 1796
422 1840
422 1915
423 863
423 917
423 1173
423 1262
423 1423
423 1692
423 1903
423 1921
424 689
424 690
424 917
424 1061
424 1085
424 1251
424 1270
424 1603
424 1611
424 1648
424 1860
425 602
425 809
425 1044
425 1049
425 1107
425 1212
425 1213
425 1580
425 1670
425 1847
426 576
426 737
426 949
426 1215
426 1245
426 1246
426 1358
426 1400
426 1428
426 1545
426 1555
427 479
427 753
427 1064
427 1132
427 1361
427 1464
427 1500
427 1532
427 1908
428 449
428 507
428 638
428 828
428 874
428 1257
428 1266
428 1441
428 1796
429 567
429 737
429 756
429 789
429 860
429 916
429 1555
429 1597
429 1890
430 485
430 692
430 1069
430 1618
430 1712
430 1776
430 1814
431 781
431 882
431 1383
431 1901
432 450
432 748
432 781
432 1105
432 1379
432 1699
432 1917
433 649
433 922
433 1179
433 1202
433 1394
434 472
434 936
434 1192
434 1229
434 1297
434 1363
434 1535
434 1645
434 1799
434 1986
435 566
435 610
435 1189
435 1309
435 1316
435 1451
435 1471
436 546
436 563
436 821
436 1078
436 1236
436 1252
436 1424
436 1482
436 1582
436 1637
436 1647
436 1691
437 627
437 628
437 813
437 1106
437 1148
437 1326
438 906
438 1064
438 1113
438 1457
438 1501
438 1854
439 461
439 467
439 629
439 970
439 1549
439 1571
439 1719
439 1855
439 1967
440 615
440 618
440 724
440 860
440 882
440 1376
440 1744
441 697
441 835
441 1702
441 1951
442 537
442 561
442 632
442 787
442 939
442 1163
442 1178
442 1303
442 1330
442 1344
442 1423
443 759
443 796
443 850
443 1294
443 1627
443 1970
444 933
444 1151
444 1280
444 1291
444 1338
444 1604
444 1730
444 1751
444 1833
445 696
445 777
445 864
445 1372
445 1464
445 1584
445 1688
446 859
446 881
446 1467
447 542
447 886
447 1071
447 1213
447 1312
447 1587
447 1663
447 1969
448 776
448 904
448 911
448 1227
448 1406
448 1860
449 614
449 1108
449 1920
450 521
450 613
450 658
450 694
450 972
450 1485
450 1505
450 1718
450 1869
451 495
451 768
451 809
451 856
451 1184
451 1276
451 1393
451 1414
451 1510
451 1545
451 1573
451 1659
451 1879
451 1933
452 676
452 926
452 1266
452 1478
453 604
453 643
453 812
453 947
453 1281
453 1535
453 1558
454 520
454 914
454 1289
454 1337
454 1346
454 1770
455 724
455 1051
455 1118
455 1384
455 1623
455 1635
455 1881
456 617
456 622
456 1177
456 1483
456 1756
457 629
457 675
457 891
457 974
457 1181
457 1293
457 1513
457 1583
457 1586
457 1616
457 1672
457 1698
458 708
458 1007
458 1029
458 1071
458 1332
458 1627
458 1936
458 1980
459 739
459 748
459 857
459 893
459 1138
459 1268
459 1556
459 1573
459 1844
459 1848
459 1939
460 554
460 631
460 873
460 1126
460 1525
460 1705
460 1745
460 1958
461 1428
461 1571
461 1890
462 766
462 1075
462 1253
462 1593
462 1748
463 800
463 929
463 1212
463 1659
463 1847
463 1992
464 690
464 895
464 925
464 1266
464 1593
464 1666
464 1706
464 1771
464 1816
465 575
465 584
465 598
465 806
465 1032
465 1292
465 1383
465 1755
465 1770
465 1995
466 589
466 683
466 902
466 1127
466 1212
466 1244
466 1457
466 1462
466 1705
466 1834
467 682
467 809
467 1083
467 1095
467 1188
467 1205
467 1355
467 1483
467 1735
467 1806
467 1827
467 1968
468 627
468 741
468 1062
468 1208
468 1231
468 1520
468 1604
468 1665
468 1726
468 1994
469 619
469 898
469 921
469 1019
469 1713
469 1819
469 1986
470 924
470 1150
470 1301
470 1520
470 1928
471 766
471 1102
471 1568
471 1577
471 1665
471 1770
471 1782
472 673
472 920
472 1145
472 1177
472 1223
472 1400
472 1471
472 1649
472 1705
473 507
473 898
473 911
473 948
473 1306
474 713
474 1031
474 1147
474 1667
474 1715
475 750
475 820
475 831
475 875
475 989
475 990
475 1123
475 1945
476 535
476 754
476 1254
476 1343
476 1360
476 1515
477 489
477 1049
477 1337
477 1882
478 498
478 577
478 743
478 918
478 1098
478 1356
478 1388
478 1455
478 1511
478 1954
479 524
479 834
479 933
479 1137
479 1242
479 1322
479 1555
479 1655
479 1659
480 747
480 975
480 996
480 1183
480 1363
480 1411
480 1446
480 1930
481 584
481 717
481 1045
481 1161
482 592
482 715
482 1121
482 1472
482 1536
482 1850
483 595
483 786
483 863
483 1594
483 1991
484 595
484 783
484 850
484 891
484 1148
484 1265
484 1615
484 1837
484 2000
485 663
485 716
485 1007
485 1595
485 1602
485 1939
485 1945
485 1995
486 507
486 590
486 918
486 1053
486 1116
486 1394
486 1665
486 1679
486 1733
486 1923
487 501
487 514
487 518
487 954
487 1133
487 1208
487 1242
487 1962
487 1987
488 576
488 896
488 1220
488 1247
488 1359
488 1500
488 1516
488 1825
489 1021
489 1288
489 1327
489 1343
489 1395
489 1684
490 569
490 844
490 965
490 1435
490 1530
490 1532
490 1552
490 1569
490 1586
490 1885
491 962
491 1309
491 1332
491 1586
491 1943
492 820
492 1008
492 1126
492 1281
492 1652
492 1742
493 553
493 970
493 973
493 998
493 1295
493 1380
493 1505
493 1625
493 1742
494 678
494 1069
494 1513
494 1644
495 555
495 561
495 845
495 940
495 1733
496 1465
496 1550
496 1744
496 1776
496 1881
497 521
497 616
497 704
497 825
497 1240
497 1254
497 1944
498 507
498 588
498 1263
498 1303
498 1540
499 681
499 760
499 862
499 893
499 978
499 1028
499 1211
499 1220
499 1476
499 1971
500 800
500 835
500 941
500 969
500 1414
500 1496
500 1622
500 1668
500 1833
501 820
501 1084
501 1156
501 1229
501 1469
502 607
502 608
502 717
502 1178
502 1303
502 1409
502 1444
502 1614
502 1697
502 1847
502 1912
503 641
503 670
503 1145
503 1334
503 1562
503 1706
503 1794
504 527
504 762
504 938
504 1369
504 1879
505 1034
505 1113
505 1378
505 1630
505 1748
506 565
506 701
506 793
506 832
506 860
506 985
506 1637
506 1735
506 1823
507 545
507 820
507 1174
507 1287
507 1538
507 1806
507 1985
508 540
508 708
508 812
508 868
508 1121
508 1325
508 1435
509 637
509 898
509 899
509 927
509 1378
509 1765
509 1817
509 1819
509 1924
510 692
510 822
510 878
510 996
510 1089
510 1220
510 1572
510 1921
511 535
511 769
511 900
511 1261
511 1424
511 1429
511 1985
512 1139
512 1705
513 1276
513 1321
513 1325
513 1411
513 1448
513 1611
513 1746
513 1829
513 1914
514 553
514 630
514 795
514 1040
514 1139
514 1259
514 1338
514 1359
515 593
515 1103
515 1194
515 1212
515 1410
515 1742
516 591
516 778
516 784
516 808
516 827
516 851
516 936
516 1083
516 1618
516 1757
516 1790
517 599
517 612
517 767
517 1109
517 1110
517 1215
518 662
518 1284
518 1317
518 1579
518 1993
519 597
519 651
519 788
519 836
519 846
519 889
519 1574
519 1749
520 1155
520 1206
520 1872
521 728
521 1010
521 1052
521 1087
521 1218
521 1422
521 1570
521 1697
521 1759
521 1768
521 1888
522 629
522 779
522 948
522 1312
522 1550
522 1970
523 612
523 722
523 991
523 997
523 1099
523 1150
523 1483
523 1493
523 1602
523 1799
523 1823
524 804
524 1080
524 1456
524 1597
524 1775
525 534
525 1438
525 1460
525 1746
525 1751
525 1767
526 547
526 1501
526 1728
526 1856
527 1235
527 1571
528 642
528 695
528 812
528 931
528 998
528 1096
528 1589
528 1793
528 1825
528 1937
529 615
529 678
529 1343
529 1372
529 1647
529 1657
530 657
530 1162
530 1617
530 1886
530 1917
531 581
531 996
531 1545
531 1775
531 1966
532 663
532 780
532 998
532 1264
532 1297
532 1820
533 599
533 730
533 827
533 862
533 872
533 1083
533 1354
533 1512
533 1737
534 550
534 775
534 782
534 822
534 1136
534 1255
534 1456
534 1743
534 1844
535 604
535 1042
535 1088
535 1139
535 1327
535 1497
535 1613
535 1878
535 1999
536 1528
536 1532
536 1870
536 1896
537 648
537 822
537 896
537 918
537 1011
537 1116
537 1138
537 1317
537 1529
537 1614
537 1632
537 1861
538 699
538 815
538 1084
538 1410
538 1624
538 1629
539 850
539 1174
539 1176
539 1847
539 1929
540 546
540 568
540 796
540 1070
540 1117
540 1208
540 1543
540 1718
540 1811
540 1838
541 551
541 674
541 781
541 1443
541 1534
541 1911
542 558
542 612
542 1256
542 1263
542 1614
542 1683
542 1773
542 1876
543 766
543 891
543 955
543 1202
543 1222
543 1244
543 1370
543 1674
543 1701
543 1811
543 1856
543 1886
543 1888
544 684
544 1361
544 1464
544 1555
544 1560
544 1889
544 1983
545 571
545 578
545 648
545 668
545 1036
545 1373
545 1404
545 1687
545 1835
545 1944
546 710
546 931
546 1121
546 1464
546 1858
546 1868
547 901
547 1303
547 1372
548 788
548 1248
548 1674
548 1887
549 719
549 811
549 823
549 1449
549 1517
549 1732
549 1839
550 1247
550 1290
550 1395
550 1825
551 853
551 939
551 1117
551 1329
551 1777
551 1899
552 615
552 758
552 854
552 1169
552 1187
552 1295
552 1466
552 1613
552 1754
553 673
553 1009
553 1015
553 1891
554 747
554 860
554 1073
554 1168
554 1535
554 1657
554 1658
554 1723
554 1796
555 923
555 1632
555 1746
555 1941
556 1103
556 1474
556 1933
557 574
557 647
557 1013
557 1280
557 1508
557 1588
557 1604
557 1660
557 1800
557 1899
558 777
558 966
558 1096
558 1260
558 1386
558 1622
558 1827
558 1844
558 1873
558 1925
559 711
559 1304
559 1473
559 1488
559 1678
559 1689
559 1840
560 566
560 666
560 809
560 831
560 1016
560 1709
560 1824
560 1953
560 1958
561 575
561 590
561 1110
561 1391
561 1524
561 1608
561 1722
561 1910
562 804
562 924
562 1059
562 1247
562 1312
562 1370
562 1372
562 1498
562 1579
562 1669
562 1806
562 1855
562 1984
563 759
563 1429
563 1523
563 1562
563 1607
563 1663
563 1705
563 1876
564 769
564 1918
565 763
565 1402
565 1670
565 1697
565 1842
565 1844
565 1927
565 1962
566 893
566 1215
566 1312
566 1386
566 1980
567 836
567 988
567 1086
567 1459
567 1480
567 1632
567 1673
567 1891
568 735
568 1160
568 1229
568 1570
568 1847
568 1981
569 730
569 1186
569 1340
569 1408
569 1488
571 656
571 759
571 1013
571 1173
571 1213
571 1541
571 1647
572 695
572 883
572 908
572 989
572 1088
572 1269
572 1564
573 581
573 876
573 969
573 984
573 1668
573 1916
573 2000
574 645
574 744
574 1188
574 1819
574 1966
574 1971
575 702
575 804
575 927
575 954
575 1340
575 1440
575 1865
575 1879
575 1887
575 1964
576 606
576 853
576 1028
576 1177
576 1735
577 828
577 1032
577 1559
577 1726
577 1852
577 1962
577 1996
578 644
578 987
578 1207
578 1462
578 1609
578 1610
578 1640
578 1775
578 1910
579 647
579 846
579 1149
579 1204
579 1569
579 1981
580 611
580 779
580 841
580 1020
580 1023
580 1031
580 1400
580 1434
580 1549
580 1568
580 1646
580 1833
580 1978
581 630
581 719
581 905
581 1106
581 1182
581 1652
581 1811
582 855
582 858
582 956
582 1150
582 1170
582 1333
582 1414
582 1670
582 1730
582 1819
582 1837
582 1890
583 696
583 1077
583 1171
583 1212
583 1276
583 1404
583 1437
583 1633
583 1899
583 1971
584 1548
584 1717
584 1726
584 1738
585 586
585 889
585 927
585 979
585 1271
585 1374
585 1416
585 1793
585 1895
586 677
586 1006
586 1252
586 1399
586 1710
586 1783
587 790
587 967
587 1380
587 1956
588 593
588 620
588 938
588 1442
588 1731
588 1832
588 1881
589 603
589 765
589 988
589 1029
589 1426
589 1608
589 1871
589 1913
590 719
590 837
590 933
590 1072
590 1184
590 1327
590 1337
590 1666
590 1713
590 1939
591 1022
591 1317
591 1820
592 729
592 992
592 1011
592 1609
592 1612
592 1668
592 1729
593 601
593 638
593 812
593 1111
593 1219
593 1383
593 1427
593 1590
593 1604
594 926
594 981
594 1223
594 1648
594 1696
594 1928
594 1980
595 742
595 785
595 1219
595 1269
595 1520
595 1534
595 1720
595 1741
595 1996
596 613
596 784
596 872
596 1001
596 1214
596 1446
597 949
597 1047
597 1183
597 1448
598 861
598 1418
598 1444
598 1623
598 1669
598 1670
598 1688
598 1828
598 1877
598 1883
598 1934
599 1060
599 1070
599 1142
599 1471
599 1764
599 1791
599 1872
600 733
600 950
600 954
600 1097
600 1105
600 1153
600 1195
600 1206
600 1344
600 1364
601 710
601 771
601 815
601 873
602 1020
602 1094
602 1137
602 1902
602 1951
603 742
603 777
603 994
603 1544
604 697
604 883
604 1119
604 1185
604 1669
605 747
605 1360
605 1590
606 687
606 691
606 990
606 1052
606 1099
606 1183
606 1337
606 1375
606 1535
606 1903
606 1911
607 639
607 688
607 826
607 897
607 1268
607 1555
607 1599
607 1712
608 813
608 1021
608 1389
608 1393
608 1808
608 1944
609 624
609 652
609 688
609 957
609 1090
609 1255
609 1683
609 1762
610 615
610 713
610 850
610 1126
610 1225
610 1332
610 1391
610 1428
610 1557
610 1810
611 614
611 1131
611 1254
611 1443
611 1623
611 1888
611 1889
611 1904
612 792
612 1220
612 1301
612 1474
612 1820
612 1980
613 674
613 693
613 904
613 1521
613 1645
613 1654
613 1949
614 1356
614 1440
614 1681
614 1760
615 648
615 1158
615 1509
615 1657
615 1900
616 661
616 955
616 1065
616 1484
616 1578
617 710
617 849
617 1049
617 1076
617 1544
617 1664
617 1884
617 1999
618 889
618 991
618 1019
618 1115
618 1257
618 1272
618 1725
619 731
619 922
619 1249
619 1513
619 1529
620 650
620 773
620 1086
620 1481
620 1565
620 1689
620 1789
620 1795
620 1825
620 1930
621 724
621 760
621 811
621 859
621 983
621 1624
621 1781
621 1900
621 1912
621 1990
622 697
622 730
622 947
622 1065
622 1097
622 1371
622 1399
622 1668
622 1790
622 1794
622 1803
623 812
623 1109
623 1855
624 1195
624 1269
624 1446
624 1496
624 1863
625 687
625 816
625 961
625 1032
625 1200
625 1609
625 1949
626 665
626 925
626 992
626 1262
626 1352
626 1534
626 1651
626 1801
626 1930
626 1938
626 1977
627 978
627 1430
627 1759
627 1764
627 1765
627 1848
627 1865
628 732
628 1071
628 1341
629 746
629 764
629 919
629 1467
629 1734
629 1743
629 1822
629 1869
629 1936
629 1991
630 875
630 889
630 1008
630 1084
630 1116
630 1204
630 1652
630 1806
631 633
631 696
631 904
631 930
631 980
631 1092
631 1278
631 1489
631 1570
631 1672
631 1743
631 1768
632 764
632 785
632 808
632 892
632 1249
632 1538
632 1931
633 639
633 1238
633 1602
633 1890
634 783
634 825
634 1063
634 1070
634 1222
634 1708
634 1766
634 1981
635 1025
635 1244
635 1291
635 1349
635 1406
635 1758
635 1922
635 1936
635 1955
636 836
636 869
636 874
636 876
636 1223
636 1481
636 1901
636 1923
637 1846
637 1960
638 675
638 1171
638 1400
638 1440
638 1859
638 1926
639 672
639 783
639 822
639 1052
639 1284
639 1495
640 1006
640 1046
640 1216
640 1267
640 1333
640 1535
640 1998
641 772
641 792
641 1047
641 1239
641 1296
641 1378
641 1398
641 1406
641 1456
641 1777
642 651
642 1100
642 1141
642 1178
642 1229
642 1411
642 1472
642 1595
642 1730
643 1318
643 1708
643 1937
644 855
644 1562
644 1798
645 744
645 750
645 806
645 1067
645 1141
646 713
646 854
646 936
646 1120
646 1152
646 1722
646 1847
646 1899
646 1904
646 1928
646 1992
647 943
647 1056
647 1154
647 1205
647 1260
647 1608
648 1003
648 1193
648 1201
648 1256
648 1642
648 1793
649 788
649 817
649 871
649 1156
649 1215
649 1224
649 1300
649 1307
649 1980
650 940
650 1027
650 1066
650 1069
650 1368
650 1396
651 868
651 981
651 1159
651 1376
651 1521
652 667
652 700
652 719
652 1284
652 1559
652 1592
653 811
653 1089
653 1368
654 772
654 1273
654 1905
655 1160
656 891
656 1102
656 1219
656 1294
656 1398
656 1688
656 1752
656 1856
657 988
657 1038
657 1140
657 1168
657 1300
657 1944
658 664
658 826
658 899
658 942
658 999
658 1058
658 1726
659 689
659 842
659 1397
659 1499
659 1663
660 683
660 1060
660 1075
660 1125
660 1139
660 1221
660 1353
660 1434
660 1475
660 1659
660 1721
660 1778
660 1897
660 1950
661 928
661 1657
661 1680
661 1891
661 1968
661 1985
662 797
662 940
662 1132
662 1522
662 1552
662 1945
663 1331
663 1394
663 1639
663 1810
664 726
664 792
664 855
664 1050
664 1249
664 1360
664 1384
664 1702
665 681
665 764
665 1118
665 1309
665 1360
665 1370
666 915
666 1303
666 1708
666 1719
666 1720
667 707
667 902
667 1204
667 1336
667 1381
667 1495
667 1704
667 1764
667 1798
667 1955
668 1106
668 1162
668 1252
668 1599
668 1636
668 1784
669 807
669 832
669 1010
669 1062
669 1166
669 1323
669 1366
669 1747
669 1896
670 922
670 1186
670 1546
670 1733
671 1370
671 1411
671 1639
672 789
672 858
672 1490
672 1813
673 721
673 833
673 1050
673 1068
673 1236
673 1333
673 1554
673 1720
674 1121
674 1174
674 1645
674 1716
675 841
675 990
675 1012
675 1047
675 1100
675 1121
675 1186
675 1226
675 1430
675 1474
676 988
676 1305
676 1333
676 1500
677 1115
677 1315
677 1445
677 1878
677 1900
678 702
678 723
678 935
678 1108
678 1588
678 1776
678 1931
678 1997
679 1192
679 1400
679 1825
679 1827
679 1836
680 699
680 1202
680 1633
680 1810
680 1821
680 1933
681 720
681 1657
681 1667
681 1682
681 1763
681 1868
681 1996
682 1016
682 1078
682 1172
682 1771
682 1936
682 1958
682 1971
683 959
683 1146
683 1291
683 1570
683 1613
683 1751
683 1932
684 880
684 1183
684 1310
684 1593
684 1956
685 856
685 1140
685 1237
685 1931
686 780
686 891
686 950
686 960
686 1076
686 1218
686 1277
686 1463
686 1638
686 1711
687 970
687 1114
687 1374
687 1474
687 1525
687 1775
687 1948
688 816
688 904
688 1269
688 1461
688 1885
689 788
689 844
689 1421
689 1423
689 1531
689 1986
690 692
690 907
690 1152
690 1238
690 1760
690 1966
691 744
691 1414
691 1572
691 1586
691 1691
692 722
692 724
692 922
692 1124
692 1300
692 1347
692 1425
692 1859
693 701
693 718
693 1042
693 1151
693 1321
693 1507
693 1542
693 1569
693 1852
693 1893
693 1966
694 1464
694 1637
694 1645
695 751
695 809
695 846
695 941
695 1106
695 1391
695 1641
695 1948
696 1127
696 1307
696 1401
696 1588
696 1754
697 889
697 1420
697 1555
697 1573
697 1738
698 898
698 1063
698 1437
698 1508
698 1513
698 1529
698 1619
699 997
699 1019
699 1850
700 744
700 776
700 806
700 989
700 1025
700 1176
700 1375
700 1507
700 1562
700 1767
701 967
701 1371
701 1472
701 1604
701 1647
701 1651
701 1670
701 1674
701 1754
701 1824
701 1950
701 1977
701 1992
702 1234
702 1598
702 1746
702 1945
703 1191
703 1196
703 1217
703 1627
703 1638
703 1677
703 1828
704 870
704 1775
704 1846
704 1892
705 956
705 1031
705 1110
705 1256
705 1366
705 1515
705 1841
706 710
706 825
706 1018
706 1019
706 1028
706 1066
706 1704
707 1112
707 1123
707 1336
707 1436
707 1453
707 1667
707 1699
707 1919
708 937
708 1046
708 1135
709 782
709 831
709 1157
709 1232
709 1464
709 1602
709 1937
709 1966
710 1412
710 1457
710 1671
710 1779
710 1832
711 905
711 1086
711 1277
711 1302
711 1343
711 1439
711 1500
711 1550
711 1607
711 1696
711 1793
711 1882
711 1993
712 839
712 852
712 1122
713 813
713 1121
713 1257
713 1325
713 1491
713 1673
713 1695
713 1870
714 787
714 923
714 1192
714 1967
715 769
715 1025
715 1432
716 773
716 809
716 952
716 1071
716 1091
716 1469
716 1786
716 1832
717 1286
717 1413
717 1447
717 1506
717 1645
718 875
718 1014
718 1283
718 1347
718 1773
719 846
719 850
719 929
719 1172
719 1841
719 1858
720 762
720 1017
721 819
721 962
721 1453
721 1589
721 1782
721 1867
722 862
722 955
722 1349
722 1364
722 1452
722 1745
722 1749
722 1761
723 875
723 985
723 1075
723 1392
723 1484
723 1855
724 1257
724 1623
724 1798
724 1815
725 734
725 991
725 1029
725 1175
725 1340
725 1541
725 1556
726 935
726 1105
726 1300
726 1568
726 1600
726 1606
726 1729
726 1912
727 1018
727 1129
727 1481
727 1575
728 758
728 825
728 1161
728 1506
728 1532
729 1431
729 1485
730 820
730 848
730 952
730 1131
730 1227
730 1417
730 1605
730 1638
731 1114
731 1351
731 1706
731 1991
732 825
732 998
732 1136
732 1233
732 1410
732 1497
732 1679
733 862
733 1012
733 1192
733 1278
733 1311
733 1629
733 1648
733 1748
733 1924
734 802
734 826
734 860
734 1551
734 1688
735 744
735 808
735 822
735 907
735 1112
735 1188
735 1191
735 1405
735 1525
735 1582
735 1757
735 1942
736 834
736 958
736 1147
736 1374
736 1404
736 1678
736 1758
737 1091
737 1464
737 1509
737 1704
737 1932
738 1387
738 1657
738 1705
738 1775
738 1968
739 784
739 862
739 876
739 912
739 1431
739 1577
739 1761
740 950
740 1059
740 1534
741 963
741 1123
741 1305
741 1415
741 1435
741 1805
742 884
742 1118
742 1153
742 1234
742 1579
742 1687
743 785
743 1039
743 1078
743 1309
743 1377
743 1608
744 777
744 783
744 943
744 1106
744 1182
744 1226
744 1293
744 1338
744 1713
744 1766
745 781
745 813
745 1098
745 1104
745 1209
745 1407
745 1682
745 1749
746 948
746 998
746 1019
746 1456
746 1721
747 765
747 776
747 810
747 978
747 1334
747 1968
748 926
748 938
748 1046
748 1209
748 1219
748 1355
748 1433
748 1515
748 1698
748 1772
748 1781
749 1012
749 1377
749 1395
749 1457
749 1472
749 1484
749 1603
749 1692
749 1735
750 866
750 1027
750 1198
750 1405
750 1521
750 1771
750 1807
750 1860
751 1030
751 1131
751 1480
751 1638
751 1805
752 778
752 1039
752 1255
752 1864
752 1876
753 1171
753 1226
753 1287
753 1444
753 1677
753 1933
754 791
754 839
754 1022
754 1377
754 1522
754 1534
754 1628
755 932
755 940
755 1531
755 1610
755 1782
755 1846
756 757
756 785
756 1623
756 1664
757 916
757 1320
757 1622
758 777
758 808
758 834
758 974
758 1219
758 1304
758 1375
758 1862
758 1998
759 964
759 977
759 1249
759 1349
759 1930
759 1963
760 777
760 884
760 947
760 1212
760 1483
760 1559
760 1654
760 1882
761 1046
761 1124
761 1181
761 1475
761 1605
761 1629
761 1653
761 1693
761 1712
762 1636
762 1964
763 767
763 931
763 1582
763 1609
763 1726
763 1903
764 1343
764 1505
764 1515
764 1531
764 1593
764 1694
764 1727
764 1813
765 818
765 993
765 1123
765 1190
765 1215
765 1445
765 1536
765 1585
765 1657
766 1539
766 1578
766 1601
766 1725
766 1745
766 1925
767 917
767 1099
767 1460
767 1480
767 1500
767 1637
767 1813
767 1891
768 1082
768 1436
768 1447
768 1676
769 994
769 1010
769 1260
769 1616
769 1650
769 1925
770 969
770 997
770 1098
770 1337
770 1443
770 1697
770 1752
770 1848
771 893
771 922
771 1033
771 1289
771 1490
771 1549
771 1791
771 1955
772 888
772 1453
772 1676
773 1111
773 1242
773 1351
773 1803
773 1867
773 1988
774 967
774 1007
774 1073
774 1118
774 1199
774 1932
775 983
775 1044
775 1098
775 1203
775 1232
775 1245
775 1277
775 1522
775 1539
775 1588
775 1641
775 1702
775 1737
776 1193
776 1198
776 1427
776 1464
777 828
777 1052
777 1337
777 1438
777 1624
777 1634
778 976
778 1072
778 1120
778 1376
778 1442
778 1991
779 917
779 1134
779 1701
780 1139
780 1728
780 1890
780 1985
781 802
781 1034
781 1108
781 1169
781 1371
781 1418
781 1589
782 1249
782 1318
782 1422
782 1532
782 1594
782 1626
782 1722
783 865
783 1369
783 1523
784 1180
784 1305
784 1598
784 1901
784 1916
785 806
785 952
785 1549
785 1670
785 1719
786 918
786 1098
786 1474
787 799
787 862
787 879
787 888
787 903
787 1001
787 1006
787 1312
787 1686
788 873
788 1455
788 1479
788 1561
788 1664
788 1736
788 1758
789 1319
789 1540
789 1666
790 864
790 1364
790 1400
790 1440
790 1575
790 1808
790 1821
791 1223
791 1225
791 1615
791 1635
791 1791
791 1915
792 1023
792 1058
792 1238
792 1271
792 1307
792 1525
792 1565
792 1767
793 822
793 943
793 1003
793 1305
793 1419
793 1613
793 1806
793 1848
793 1952
794 882
794 907
794 1078
794 1360
794 1465
794 1613
794 1637
795 830
795 967
795 1372
795 1504
795 1727
795 1728
796 902
796 1223
796 1227
796 1436
796 1771
796 1815
796 1957
796 1972
796 1974
797 836
797 978
797 1053
797 1230
797 1268
797 1773
797 1809
797 1896
797 1909
798 967
798 970
798 1068
798 1475
798 1730
798 1762
798 1803
799 834
799 981
799 1047
799 1262
799 1700
799 1724
800 839
800 876
800 1100
800 1578
800 1906
800 1931
801 904
801 1123
801 1191
801 1307
801 1320
801 1419
802 1701
802 1800
803 865
803 1230
803 1259
803 1399
803 1402
803 1550
803 1588
803 1928
804 812
804 875
804 1281
804 1905
804 1923
805 1328
805 1465
805 1737
806 864
806 927
806 989
806 1118
806 1335
806 1356
807 815
807 873
807 950
807 1365
807 1443
807 1658
807 1776
807 1926
807 1975
808 821
808 846
808 1034
808 1145
808 1421
808 1899
809 826
809 971
809 1263
809 1565
810 1506
810 1676
810 1906
811 847
811 1010
811 1259
811 1369
811 1588
811 1657
811 1733
811 1918
811 1932
811 1970
812 1094
812 1147
812 1166
812 1472
812 1540
812 1631
812 1733
812 1748
813 1097
813 1135
813 1522
813 1666
813 1914
813 1976
814 1337
814 1349
814 1394
814 1500
815 857
815 997
815 1114
815 1167
815 1452
815 1453
815 1876
815 1999
816 994
816 1036
816 1221
816 1236
816 1332
816 1361
816 1667
816 1742
816 1903
817 1065
817 1201
818 934
818 1162
818 1336
818 1373
818 1377
818 1586
818 1746
818 1830
818 1845
818 1889
818 1924
819 946
819 1147
819 1167
819 1386
819 1516
819 1743
819 1924
820 856
820 927
820 1241
820 1476
820 1793
820 1997
821 1173
821 1460
821 1654
821 1683
822 1196
822 1588
822 2000
823 999
823 1064
823 1344
823 1597
823 1691
823 1744
823 1876
823 1969
824 904
824 1195
824 1434
824 1455
824 1460
824 1510
824 1597
825 871
825 1045
825 1666
825 1697
825 1948
826 1008
826 1100
826 1205
826 1263
826 1486
826 1827
826 1860
826 1889
826 1956
827 944
827 1237
827 1630
827 1639
828 963
828 1096
828 1415
828 1551
828 1828
829 996
829 1007
829 1070
829 1108
829 1127
829 1387
829 1573
829 1723
830 847
830 914
830 1193
830 1453
830 1524
830 1673
830 1940
831 1041
831 1117
831 1408
831 1538
831 1769
831 1853
831 1909
832 1112
832 1184
832 1230
832 1296
832 1402
832 1947
833 1460
833 1812
833 1835
834 936
834 1089
834 1488
834 1772
834 1805
834 1936
834 1937
835 843
835 857
835 928
835 1031
835 1035
835 1478
836 858
836 1517
836 1583
836 1686
836 1788
836 1810
836 2000
837 918
837 1041
837 1085
837 1160
837 1601
837 1738
837 1773
837 1935
838 1109
838 1484
838 1599
838 1707
839 977
839 1138
839 1389
839 1616
839 1672
839 1954
840 1065
840 1292
840 1424
840 1714
840 1733
840 1813
840 1937
840 1944
841 916
841 1105
841 1214
841 1836
841 1891
841 1913
842 898
842 973
842 995
842 1131
842 1634
842 1802
842 1814
842 1853
842 1917
843 906
843 1101
843 1184
843 1381
843 1738
843 1933
843 1959
844 1221
844 1553
845 859
845 1034
845 1293
845 1390
845 1508
845 1773
846 1228
846 1417
846 1777
846 1866
846 1877
846 1898
846 1907
846 1951
847 946
847 1473
848 990
848 1116
848 1247
848 1410
848 1862
849 889
849 1049
849 1251
849 1402
849 1429
849 1458
849 1602
849 1626
849 1634
849 1645
849 1665
850 1336
851 1087
851 1221
851 1248
851 1294
851 1345
851 1582
852 1223
852 1386
852 1499
852 1598
852 1734
852 1950
853 960
853 1181
854 1122
854 1334
854 1544
854 1579
854 1779
855 1162
855 1697
855 1860
856 999
856 1035
856 1158
856 1419
856 1727
856 1751
856 1808
856 1856
857 1501
857 1554
857 1683
857 1908
857 1913
857 1925
858 902
858 1087
858 1619
858 1647
858 1921
858 1968
859 928
859 953
859 1113
859 1225
859 1253
859 1454
859 1528
859 1751
859 1792
859 1893
860 1030
860 1497
860 1866
861 883
861 953
861 1853
862 968
862 1137
862 1234
862 1319
862 1621
862 1695
862 1893
863 1347
863 1539
864 903
864 1200
864 1380
864 1451
864 1468
864 1627
864 1736
864 1932
865 881
865 936
865 1072
865 1449
865 1502
865 1520
865 1734
865 1996
866 1109
866 1394
866 1441
866 1634
866 1678
866 1988
867 1087
867 1187
867 1488
867 1702
867 1830
867 1939
868 1239
868 1512
868 1569
868 1600
868 1789
869 894
869 1006
869 1010
869 1024
869 1188
869 1427
869 1487
869 1608
869 1864
869 1909
869 1995
870 922
870 1006
870 1409
870 1975
871 992
871 1020
871 1129
871 1311
871 1364
871 1571
871 1689
871 1765
871 1909
871 1998
872 888
872 1140
872 1362
872 1589
872 1698
873 1297
873 1731
873 1771
873 1886
874 1048
874 1474
874 1532
874 1758
874 1781
874 1800
875 878
875 1128
875 1681
876 1225
876 1613
876 1742
876 1752
876 1902
877 1169
877 1554
878 1065
878 1211
878 1393
878 1655
879 1218
879 1628
879 1700
879 1909
879 1947
880 919
880 921
880 969
880 1065
880 1073
880 1632
880 1728
880 1854
880 1907
881 930
881 1357
881 1419
881 1800
882 1056
882 1202
882 1297
882 1524
882 1575
882 1803
882 1913
882 1983
883 946
883 1767
883 1873
884 987
884 1166
884 1411
884 1888
885 1127
885 1304
885 1401
885 1674
886 1023
886 1098
886 1177
886 1501
886 1827
886 1971
887 1029
887 1261
887 1754
887 1804
888 1370
888 1617
888 1630
888 1828
889 1154
889 1588
889 1958
889 1960
890 1358
890 1408
890 1446
890 1674
890 1696
890 1898
890 1900
891 989
891 1115
891 1424
891 1730
891 1777
892 896
892 968
892 1119
892 1120
892 1401
892 1537
892 1718
892 1724
892 1919
893 1241
893 1388
893 1483
893 1537
893 1544
893 1726
893 1764
893 1847
893 1935
894 926
894 1036
894 1063
894 1097
894 1452
894 1589
894 1734
894 1838
894 1862
894 1958
895 1065
895 1066
895 1711
895 1727
895 1771
895 1852
895 1943
896 996
896 1320
896 1360
896 1496
896 1692
896 1776
897 1483
897 1529
898 1732
898 1821
899 1043
899 1205
899 1265
899 1712
899 1774
899 1956
899 1989
900 1137
900 1524
900 1684
900 1746
900 1845
901 990
901 1009
901 1388
901 1440
901 1447
901 1481
901 1484
901 1551
901 1950
902 999
902 1673
902 1886
903 980
903 1045
903 1184
903 1246
903 1372
903 1446
903 1590
903 1926
904 1029
904 1379
904 1476
904 1652
905 1201
905 1276
905 1435
905 1632
905 1929
906 1099
906 1333
906 1444
906 1905
907 1147
907 1740
908 1156
908 1369
908 1506
908 1587
908 1660
908 1672
908 1832
908 1921
908 1958
909 991
909 1404
909 1507
909 1894
910 934
910 964
910 1095
910 1153
910 1184
910 1256
910 1655
910 1738
910 1764
911 1055
911 1510
912 1018
912 1260
912 1343
912 1490
912 1756
912 1777
912 1833
912 1981
912 1995
913 1204
913 1725
913 1801
913 1861
913 1975
914 1097
914 1130
914 1201
914 1401
914 1432
914 1434
914 1458
914 1498
914 1567
914 1911
915 1120
915 1411
915 1431
915 1744
916 1047
916 1660
917 1267
917 1303
917 1315
917 1422
917 1575
917 1589
917 1914
917 1957
918 952
918 1096
918 1764
919 988
919 1166
919 1511
919 1527
919 1843
920 955
920 1058
920 1120
920 1131
920 1491
920 1523
920 1640
920 1785
920 1798
921 983
921 1039
921 1129
921 1277
921 1307
921 1453
922 1206
922 1297
922 1922
923 954
923 1203
923 1640
923 1914
924 1094
924 1259
924 1426
924 1577
924 1598
925 1008
925 1250
926 1093
926 1151
926 1374
926 1500
926 1649
926 1812
926 1827
926 1910
926 1937
927 1066
927 1116
927 1156
927 1250
927 1298
927 1411
927 1459
927 1541
927 1670
927 1729
927 1893
928 1240
928 1368
928 1631
928 1668
928 1869
928 1920
929 1480
929 1638
929 1820
930 1164
930 1555
930 1619
931 1034
931 1151
931 1348
931 1556
931 1622
932 1017
932 1111
932 1381
932 1465
932 1503
932 1969
933 1164
933 1332
933 1406
933 1776
934 1395
934 1531
934 1677
934 1709
934 1854
934 1885
934 1961
935 1214
935 1593
935 1750
935 1860
936 1096
936 1290
936 1353
936 1370
936 1432
936 1453
936 1505
936 1611
936 1633
937 1106
937 1373
937 1473
937 1528
937 1573
937 1771
937 1978
938 1488
938 1714
938 1957
938 1995
939 1240
939 1273
939 1322
939 1377
939 1635
939 1913
940 1352
940 1514
941 992
941 1012
941 1088
941 1335
941 1361
941 1584
941 1610
941 1721
941 1988
941 1994
942 980
942 1196
942 1424
942 1713
942 1767
942 1949
943 1277
943 1456
943 1779
943 1794
944 1140
944 1346
944 1431
944 1475
944 1762
944 1780
945 1034
945 1095
945 1157
945 1235
945 1413
945 1555
945 1694
945 1779
945 1824
945 1898
946 1182
946 1215
946 1382
946 1515
946 1543
947 1376
947 1478
947 1611
947 1636
947 1660
947 1724
948 1049
948 1092
948 1213
948 1296
948 1414
948 1558
948 1657
948 1729
948 1760
948 1909
948 1985
949 1035
949 1172
949 1226
949 1285
949 1297
949 1850
949 1936
950 1973
951 1358
951 1407
951 1485
951 1563
951 1734
952 996
952 1392
952 1533
952 1717
952 1814
952 1936
953 959
953 964
953 1112
953 1183
953 1863
953 1901
953 1905
953 1990
954 977
954 1141
954 1300
954 1446
954 1453
954 1492
954 1555
954 1787
954 1809
954 1954
955 1086
955 1097
955 1386
955 1410
955 1474
956 1081
956 1098
956 1533
956 1723
957 1188
957 1590
957 1953
958 1122
958 1350
958 1419
958 1515
958 1771
959 1269
959 1533
959 1541
959 1785
959 1800
959 1985
960 1336
960 1578
960 1614
960 1680
960 1893
961 1099
961 1146
961 1305
961 1320
961 1877
962 986
962 1121
962 1167
962 1228
962 1639
962 1849
962 1973
963 1346
963 1548
963 1646
963 1774
963 1822
964 1504
964 1511
964 1562
965 1493
965 1761
966 1302
966 1457
966 1515
966 1572
966 1761
967 1139
967 1473
967 1488
967 1747
968 1181
968 1599
968 1837
970 1001
970 1057
970 1145
970 1175
970 1559
970 1572
970 1824
971 1109
971 1235
971 1521
971 1991
972 984
972 988
972 1116
972 1573
973 1193
973 1374
973 1404
973 1467
973 1516
973 1519
973 1739
973 1882
974 990
974 1060
974 1243
974 1266
974 1486
974 1677
974 1813
975 1486
975 1681
975 1980
976 1075
976 1111
976 1288
976 1347
976 1672
976 1730
976 1873
976 1995
977 1221
978 1124
978 1210
978 1616
978 1981
979 1148
979 1327
979 1356
979 1459
979 1483
979 1608
980 1035
980 1349
980 1478
980 1501
980 1741
980 1907
981 1159
981 1236
981 1411
981 1471
981 1676
981 1709
981 1821
982 1092
982 1209
982 1263
982 1383
982 1402
982 1586
982 1698
982 1953
983 1209
983 1428
983 1462
983 1642
983 1695
983 1707
983 1913
984 1268
985 1191
985 1256
985 1630
985 1910
986 1107
986 1239
986 1278
986 1439
986 1572
986 1838
986 1848
987 1194
987 1320
987 1389
987 1770
987 1876
988 989
988 1075
988 1676
988 1720
988 1934
989 1311
989 1604
989 1819
990 1247
990 1372
990 1744
990 1753
991 1127
991 1146
991 1396
991 1608
991 1905
991 1987
992 1631
992 1639
993 1577
993 1954
993 1993
994 1161
994 1274
994 1429
994 1957
995 1215
995 1341
995 1737
995 1921
996 1301
996 1510
996 1544
996 1977
997 1261
997 1507
997 1552
997 1558
997 1873
998 1226
998 1261
998 1950
999 1111
999 1355
999 1547
999 1589
999 1643
999 1712
999 1752
999 1787
999 1848
999 1856
1000 1476
1000 1631
1000 1847
1000 1930
1000 1982
1000 1989
1001 1241
1001 1667
1001 1742
1001 1799
1002 1418
1002 1464
1002 1843
1003 1065
1003 1297
1003 1380
1003 1499
1003 1620
1003 1724
1004 1582
1004 1606
1004 1668
1004 1951
1004 1952
1005 1304
1005 1479
1005 1570
1005 1692
1006 1326
1006 1502
1006 1533
1006 1549
1006 1619
1006 1711
1007 1049
1007 1943
1008 1061
1008 1095
1008 1181
1008 1388
1008 1499
1008 1538
1008 1651
1008 1858
1009 1310
1009 1622
1009 1674
1009 1806
1009 1955
1010 1021
1010 1255
1010 1440
1010 1637
1010 1731
1010 1876
1010 1926
1011 1047
1011 1215
1011 1816
1012 1225
1012 1528
1012 1767
1012 1935
1012 1949
1013 1067
1013 1232
1013 1416
1013 1574
1013 1623
1013 1826
1013 1884
1013 1893
1014 1048
1014 1162
1014 1199
1014 1332
1014 1535
1014 1608
1014 1998
1015 1020
1015 1087
1015 1092
1015 1097
1015 1109
1015 1388
1015 1498
1015 1716
1015 1819
1016 1184
1016 1552
1017 1102
1017 1195
1017 1214
1017 1578
1017 1718
1017 1773
1018 1127
1018 1175
1018 1753
1018 1758
1018 1831
1019 1434
1019 1717
1019 1848
1020 1165
1020 1171
1020 1312
1020 1670
1021 1135
1021 1406
1021 1950
1021 1999
1022 1078
1022 1146
1022 1494
1022 1533
1022 1561
1022 1740
1022 1960
1023 1092
1023 1182
1023 1219
1023 1668
1024 1644
1024 1994
1025 1059
1025 1330
1025 1768
1025 1976
1026 1061
1026 1090
1026 1137
1026 1222
1027 1441
1027 1446
1027 1556
1027 1755
1027 1903
1027 1979
1028 1362
1028 1473
1028 1743
1028 1887
1029 1584
1030 1682
1031 1307
1031 1382
1031 1724
1031 1908
1031 1918
1032 1150
1032 1443
1032 1575
1032 1955
1032 1960
1033 1238
1033 1580
1033 1600
1033 1739
1033 1839
1033 1873
1034 1041
1034 1211
1034 1636
1034 1657
1034 1900
1034 1995
1035 1085
1035 1187
1035 1459
1035 1497
1035 1545
1035 1810
1035 1887
1036 1040
1036 1099
1036 1118
1036 1174
1036 1627
1037 1146
1037 1168
1037 1170
1037 1230
1037 1332
1037 1336
1037 1957
1038 1143
1038 1676
1038 1865
1039 1197
1039 1451
1039 1770
1039 1815
1039 1872
1040 1151
1040 1444
1040 1899
1041 1268
1041 1403
1041 1408
1041 1468
1041 1617
1041 1876
1041 2000
1042 1145
1042 1179
1042 1361
1042 1497
1042 1609
1042 1734
1042 1868
1042 1877
1042 1885
1043 1387
1043 1405
1043 1855
1043 1969
1044 1178
1044 1509
1044 1633
1044 1711
1044 1912
1045 1108
1045 1174
1045 1285
1045 1812
1045 1834
1045 1990
1046 1120
1046 1168
1046 1370
1046 1663
1046 1926
1046 1996
1047 1088
1047 1208
1047 1225
1047 1259
1047 1566
1047 1622
1047 1637
1048 1144
1048 1206
1048 1296
1048 1595
1048 1893
1049 1474
1049 1867
1050 1496
1050 1824
1050 1937
1051 1108
1051 1141
1051 1143
1051 1298
1051 1319
1051 1608
1051 1780
1052 1275
1052 1295
1052 1431
1052 1742
1052 1926
1053 1255
1053 1310
1053 1665
1053 1775
1053 1805
1053 1883
1054 1098
1054 1272
1054 1506
1054 1522
1054 1533
1054 1644
1054 1744
1055 1149
1055 1629
1055 1771
1056 1185
1056 1260
1056 1652
1056 1787
1056 1835
1056 1907
1057 1201
1057 1411
1057 1598
1057 1750
1057 1849
1058 1331
1058 1686
1058 1781
1058 1841
1058 1871
1059 1286
1059 1496
1059 1667
1059 1817
1060 1142
1060 1211
1060 1216
1060 1370
1060 1407
1061 1312
1061 1386
1061 1392
1061 1626
1061 1809
1061 1922
1061 1952
1062 1090
1062 1240
1062 1314
1062 1794
1063 1136
1063 1201
1063 1227
1063 1464
1063 1837
1063 1949
1064 1083
1064 1114
1064 1283
1064 1341
1064 1419
1064 1458
1065 1081
1065 1129
1065 1138
1065 1478
1065 1508
1065 1662
1065 1663
1065 1893
1065 1945
1066 1113
1066 1120
1066 1154
1066 1283
1066 1486
1066 1729
1066 1736
1066 1835
1066 1899
1066 1914
1067 1227
1067 1289
1067 1444
1067 1554
1067 1624
1067 1852
1067 1914
1068 1292
1068 1336
1068 1340
1068 1346
1068 1968
1068 1974
1069 1631
1069 1999
1070 1171
1070 1271
1070 1340
1070 1534
1070 1897
1071 1199
1071 1673
1072 1153
1072 1265
1072 1321
1072 1365
1072 1484
1072 1805
1072 1974
1072 1984
1073 1470
1073 1759
1073 1866
1073 1961
1074 1609
1074 1636
1074 1740
1074 1919
1075 1150
1075 1350
1075 1413
1075 1574
1075 1625
1075 1880
1076 1247
1076 1739
1076 1802
1077 1452
1077 1970
1078 1323
1079 1082
1079 1127
1079 1217
1079 1389
1079 1877
1079 1905
1079 1957
1080 1107
1080 1190
1080 1244
1080 1338
1080 1689
1080 1856
1080 1969
1081 1500
1081 1548
1082 1296
1082 1709
1082 1849
1083 1134
1083 1150
1083 1188
1083 1201
1083 1555
1083 1691
1083 1723
1084 1259
1084 1408
1084 1807
1084 1829
1084 1997
1085 1512
1085 1625
1085 1852
1086 1287
1086 1506
1086 1715
1086 1926
1087 1462
1087 1501
1087 1691
1087 1748
1088 1172
1088 1180
1088 1291
1088 1355
1088 1445
1088 1636
1088 1969
1089 1670
1089 1879
1090 1320
1090 1543
1090 1662
1090 1670
1090 1854
1090 1856
1090 1959
1091 1211
1091 1300
1091 1518
1091 1606
1091 1958
1091 1961
1092 1175
1092 1304
1093 1367
1093 1461
1093 1536
1094 1500
1094 1744
1094 1886
1094 1897
1095 1151
1095 1200
1095 1374
1095 1840
1095 1974
1096 1180
1096 1233
1096 1408
1096 1536
1096 1681
1097 1112
1097 1142
1097 1226
1097 1721
1098 1100
1098 1299
1098 1355
1098 1666
1099 1125
1099 1448
1099 1752
1099 1816
1099 1857
1100 1116
1100 1390
1100 1391
1100 1534
1100 1743
1100 1909
1100 1963
1101 1169
1101 1192
1101 1265
1101 1310
1101 1441
1101 1590
1101 1636
1101 1684
1101 1695
1102 1115
1102 1348
1102 1438
1102 1700
1103 1576
1103 1916
1104 1320
1104 1378
1104 1537
1104 1586
1104 1751
1104 1837
1104 1938
1105 1275
1105 1400
1105 1725
1105 1794
1105 1993
1106 1124
1106 1511
1106 1684
1106 1699
1107 1131
1107 1430
1107 1485
1107 1588
1107 1598
1107 1783
1108 1163
1108 1418
1108 1419
1108 1481
1108 1541
1108 1548
1108 1778
1108 1833
1108 1887
1108 1913
1108 1943
1109 1754
1109 1795
1109 1813
1110 1143
1110 1224
1110 1240
1110 1440
1110 1589
1110 1655
1110 1729
1110 1855
1111 1547
1111 1576
1111 1661
1111 1703
1111 1786
1112 1196
1112 1351
1112 1386
1112 1394
1112 1444
1112 1509
1112 1546
1113 1114
1113 1215
1113 1415
1113 1538
1113 1687
1113 1756
1113 1763
1114 1194
1114 1286
1114 1438
1114 1511
1114 1730
1115 1148
1115 1150
1115 1159
1115 1189
1115 1391
1115 1566
1115 1610
1115 1854
1115 1921
1115 1959
1116 1335
1116 1737
1117 1232
1117 1518
1117 1540
1117 1697
1118 1287
1118 1325
1118 1377
1118 1401
1118 1798
1118 1934
1118 1936
1119 1133
1119 1428
1119 1614
1119 1789
1120 1304
1120 1365
1120 1404
1120 1744
1120 1924
1121 1172
1121 1327
1121 1486
1121 1639
1121 1640
1121 1857
1122 1165
1122 1221
1122 1355
1122 1687
1122 1952
1122 1979
1123 1800
1124 1170
1124 1227
1124 1721
1124 1858
1124 1863
1124 1992
1125 1215
1125 1293
1125 1638
1125 1998
1126 1145
1126 1243
1127 1272
1127 1278
1127 1305
1127 1683
1127 1728
1127 1754
1127 1821
1127 1935
1127 1963
1128 1771
1128 1976
1129 1220
1129 1372
1129 1499
1129 1630
1129 1940
1129 1949
1130 1144
1130 1669
1130 1797
1131 1463
1131 1511
1131 1517
1131 1961
1132 1214
1132 1287
1132 1370
1132 1477
1133 1154
1133 1290
1133 1368
1133 1433
1133 1494
1133 1656
1134 1432
1134 1758
1134 1903
1135 1346
1135 1550
1135 1569
1135 1709
1135 1800
1135 1939
1135 1942
1136 1247
1136 1430
1136 1620
1136 1792
1136 1857
1137 1255
1137 1315
1137 1408
1137 1500
1137 1535
1138 1323
1138 1420
1138 1499
1138 1693
1138 1821
1138 1854
1138 1923
1138 1936
1139 1216
1139 1221
1139 1292
1139 1423
1139 1503
1139 1725
1140 1311
1140 1356
1140 1873
1141 1147
1141 1244
1141 1258
1141 1359
1141 1519
1142 1470
1142 1601
1142 1883
1142 1897
1143 1265
1143 1491
1143 1585
1143 1620
1143 1641
1143 1697
1143 1767
1143 1938
1144 1606
1144 1759
1144 1771
1144 1816
1144 1971
1145 1253
1145 1440
1145 1470
1145 1665
1145 1798
1146 1389
1147 1460
1147 1536
1147 1649
1147 1668
1147 1673
1148 1191
1148 1287
1148 1321
1148 1564
1148 1689
1148 1784
1148 1990
1149 1199
1149 1581
1149 1764
1149 1780
1150 1286
1150 1294
1150 1372
1150 1412
1150 1665
1150 1771
1150 1927
1151 1751
1151 1818
1152 1187
1152 1300
1152 1679
1152 1714
1153 1159
1153 1430
1153 1488
1153 1493
1153 1614
1153 1742
1154 1282
1154 1320
1154 1353
1154 1435
1154 1714
1154 1874
1155 1472
1155 1484
1155 1598
1155 1609
1155 1785
1156 1486
1156 1511
1156 1578
1156 1650
1156 1683
1156 1801
1157 1289
1157 1339
1157 1382
1157 1565
1157 1684
1157 1863
1157 1903
1158 1366
1158 1546
1158 1589
1158 1722
1159 1331
1159 1492
1160 1989
1161 1394
1161 1445
1161 1457
1161 1808
1162 1478
1162 1578
1162 1606
1162 1650
1163 1568
1163 1662
1163 1681
1163 1850
1164 1469
1164 1505
1164 1772
1165 1210
1165 1241
1165 1428
1165 1552
1165 1575
1165 1685
1166 1185
1166 1220
1166 1286
1166 1770
1167 1202
1167 1240
1167 1405
1167 1467
1167 1602
1167 1763
1168 1191
1168 1429
1168 1499
1168 1620
1168 1621
1169 1438
1169 1584
1169 1823
1169 1867
1169 1979
1170 1259
1170 1603
1170 1629
1170 1760
1170 1895
1171 1344
1171 1360
1171 1493
1171 1582
1171 1660
1171 1900
1172 1438
1172 1473
1172 1836
1172 1841
1172 1868
1172 1882
1173 1434
1173 1615
1173 1789
1173 1990
1174 1204
1174 1234
1174 1396
1174 1549
1174 1778
1175 1442
1175 1616
1176 1421
1176 1478
1177 1188
1177 1196
1177 1397
1177 1474
1177 1817
1177 1912
1177 1941
1178 1318
1179 1670
1179 1769
1179 1892
1180 1500
1180 1644
1181 1407
1181 1489
1181 1592
1181 1604
1181 1931
1181 1932
1182 1687
1183 1184
1183 1426
1183 1686
1183 1730
1184 1279
1184 1533
1184 1540
1184 1929
1185 1340
1185 1567
1185 1596
1185 1886
1185 1969
1185 1982
1186 1559
1186 1718
1187 1220
1187 1374
1187 1380
1187 1418
1187 1420
1188 1228
1188 1325
1188 1447
1188 1609
1188 1669
1188 1728
1188 1903
1189 1276
1189 1320
1190 1248
1190 1380
1190 1461
1191 1207
1192 1686
1192 1704
1193 1211
1193 1224
1193 1360
1193 1377
1193 1737
1193 1967
1193 1985
1194 1534
1194 1619
1195 1210
1195 1383
1195 1389
1195 1880
1196 1427
1197 1211
1197 1720
1197 1945
1197 1977
1198 1251
1198 1646
1198 1702
1199 1218
1199 1327
1199 1351
1199 1489
1199 1534
1199 1537
1199 1723
1200 1202
1200 1418
1200 1710
1200 1778
1200 1988
1201 1247
1201 1302
1201 1464
1201 1582
1201 1677
1201 1731
1202 1295
1203 1326
1203 1614
1203 1628
1204 1417
1204 1420
1204 1442
1204 1560
1204 1629
1204 1800
1204 1880
1205 1298
1205 1473
1205 1759
1206 1369
1206 1464
1207 1425
1207 1668
1208 1256
1208 1400
1208 1514
1208 1621
1208 1629
1209 1290
1209 1399
1209 1699
1209 1742
1209 1860
1210 1585
1210 1598
1210 1855
1210 1935
1211 1223
1211 1305
1211 1826
1212 1510
1213 1252
1213 1271
1213 1406
1213 1498
1213 1789
1213 1929
1214 1592
1214 1641
1214 1720
1215 1791
1216 1298
1216 1415
1216 1563
1216 1587
1216 1688
1216 1834
1216 1905
1216 1937
1216 1981
1217 1462
1217 1593
1217 1751
1218 1438
1218 1591
1218 1772
1218 1801
1219 1371
1219 1980
1221 1977
1222 1328
1222 1980
1223 1259
1223 1607
1223 1616
1223 1954
1224 1242
1224 1466
1224 1518
1224 1603
1224 1621
1224 1904
1225 1362
1225 1653
1226 1322
1226 1806
1226 1877
1227 1246
1227 1431
1227 1554
1227 1773
1227 1909
1228 1267
1228 1298
1228 1890
1228 1905
1228 1950
1229 1327
1229 1429
1229 1691
1229 1796
1229 1827
1229 1894
1229 1920
1230 1233
1230 1656
1230 1744
1230 1974
1231 1911
1231 1933
1231 1969
1231 1998
1232 1538
1232 1860
1232 1884
1233 1252
1233 1757
1233 1983
1234 1437
1234 1450
1234 1547
1234 1619
1234 1666
1234 1711
1234 1926
1235 1473
1235 1633
1235 1678
1235 1871
1237 1403
1237 1491
1237 1875
1238 1341
1238 1426
1238 1673
1239 1373
1239 1401
1239 1569
1239 1770
1239 1958
1239 1978
1239 2000
1240 1300
1240 1357
1240 1706
1240 1720
1241 1311
1241 1438
1241 1554
1241 1600
1241 1757
1242 1378
1242 1449
1242 1451
1242 1581
1243 1390
1243 1417
1243 1675
1243 1801
1243 1856
1243 1861
1244 1545
1244 1578
1244 1686
1244 1751
1244 1920
1246 1251
1246 1252
1246 1351
1246 1622
1248 1505
1248 1655
1249 1884
1249 1934
1249 1936
1250 1274
1250 1332
1250 1443
1250 1566
1250 1714
1250 1769
1251 1764
1252 1340
1252 1384
1252 1416
1252 1533
1252 1885
1253 1435
1253 1568
1253 1651
1253 1677
1254 1346
1254 1518
1254 1628
1254 1640
1254 1906
1254 1933
1255 1422
1255 1713
1255 1946
1256 1607
1256 1756
1256 1796
1257 1260
1257 1279
1257 1850
1257 1977
1258 1280
1258 1353
1258 1570
1259 1473
1260 1285
1260 1715
1260 1727
1261 1536
1261 1647
1261 1741
1261 1933
1261 1955
1262 1456
1263 1327
1263 1625
1263 1806
1264 1422
1264 1807
1264 1927
1265 1402
1266 1565
1266 1599
1266 1620
1267 1784
1267 1942
1267 1943
1268 1296
1268 1349
1268 1429
1268 1751
1269 1292
1269 1324
1269 1384
1269 1708
1269 1984
1269 1995
1270 1720
1270 1764
1271 1359
1271 1393
1271 1612
1272 1427
1272 1696
1272 1797
1273 1575
1273 1590
1273 1628
1273 1650
1273 1830
1274 1348
1274 1421
1274 1496
1274 1534
1274 1702
1274 1891
1274 1903
1275 1350
1275 1466
1275 1600
1275 1834
1275 1908
1275 1951
1276 1551
1276 1582
1276 1638
1276 1911
1276 1936
1277 1326
1277 1405
1277 1708
1277 1900
1278 1327
1278 1337
1278 1525
1278 1852
1279 1377
1279 1430
1279 1545
1279 1600
1280 1460
1280 1498
1280 1499
1280 1928
1280 1988
1281 1841
1281 1960
1282 1489
1282 1588
1282 1661
1282 1742
1282 1796
1282 1809
1283 1474
1283 1541
1283 1659
1283 1776
1283 1796
1283 1808
1283 1912
1284 1437
1284 1579
1285 1460
1285 1587
1285 1826
1285 1997
1286 1811
1286 1929
1287 1419
1287 1509
1287 1667
1287 1766
1287 1857
1287 1887
1288 1308
1288 1599
1288 1789
1289 1403
1289 1585
1289 1626
1290 1303
1290 1486
1290 1506
1290 1509
1290 1592
1290 1639
1290 1905
1291 1533
1291 1628
1291 1658
1291 1816
1291 1819
1291 1987
1292 1347
1292 1725
1293 1397
1293 1569
1293 1978
1294 1356
1294 1400
1294 1936
1294 1959
1295 1327
1295 1497
1295 1543
1295 1589
1295 1645
1296 1335
1296 1347
1296 1443
1296 1887
1296 1986
1296 1987
1297 1299
1297 1301
1297 1469
1297 1481
1297 1635
1297 1641
1297 1672
1297 1737
1297 1942
1297 1987
1298 1301
1298 1308
1298 1701
1298 1962
1299 1653
1299 1785
1300 1679
1301 1516
1301 1669
1301 1956
1302 1386
1302 1400
1302 1607
1302 1743
1304 1356
1304 1388
1304 1468
1304 1897
1305 1344
1305 1450
1305 1508
1305 1824
1306 1445
1306 1778
1306 1919
1307 1614
1307 1827
1307 1832
1308 1489
1308 1678
1309 1348
1309 1739
1309 1837
1310 1416
1310 1521
1310 1526
1310 1534
1310 1724
1310 1817
1311 1504
1311 1563
1311 1747
1312 1355
1312 1478
1312 1661
1312 1730
1312 1978
1313 1452
1313 1661
1313 1896
1314 1537
1314 1575
1314 1653
1315 1426
1315 1551
1315 1706
1316 1485
1316 1516
1316 1758
1317 1439
1317 1681
1317 1846
1317 1854
1317 1963
1318 1364
1318 1716
1318 1968
1319 1379
1319 1981
1320 1684
1320 1719
1321 1538
1321 1613
1321 1686
1321 1790
1321 1823
1322 1905
1323 1360
1323 1371
1323 1461
1323 1531
1323 1719
1323 1815
1323 1866
1324 1482
1324 1569
1324 1855
1324 1898
1325 1743
1326 1330
1326 1442
1326 1545
1326 1672
1326 1730
1326 1873
1326 1878
1327 1418
1327 1433
1327 1473
1327 1546
1327 1677
1327 1925
1327 1926
1330 1360
1330 1429
1330 1509
1330 1628
1330 1950
1331 1726
1331 1909
1332 1461
1332 1479
1332 1887
1333 1350
1333 1425
1333 1512
1334 1360
1334 1371
1334 1376
1334 1418
1334 1483
1334 1928
1335 1420
1335 1699
1336 1565
1336 1751
1336 1856
1336 1976
1337 1453
1337 1636
1337 1862
1338 1452
1338 1736
1339 1638
1339 1821
1339 1854
1340 1519
1340 1846
1340 1858
1340 1892
1340 1907
1341 1420
1341 1658
1341 1769
1341 1952
1342 1524
1342 1771
1342 1798
1343 1823
1344 1500
1344 1563
1344 1645
1344 1848
1344 1899
1344 1978
1345 1683
1345 1899
1346 1348
1346 1504
1346 1844
1346 1898
1347 1726
1347 1834
1349 1668
1350 1627
1350 1935
1351 1404
1351 1547
1351 1692
1352 1742
1353 1795
1353 1808
1353 1952
1354 1558
1354 1720
1354 1761
1355 1646
1356 1647
1356 1732
1357 1844
1358 1518
1358 1533
1358 1557
1358 1780
1358 1968
1359 1945
1360 1448
1360 1630
1361 1657
1361 1706
1361 1913
1362 1622
1362 1655
1362 1658
1363 1698
1363 1709
1363 1770
1363 1965
1364 1368
1364 1559
1364 1655
1365 1653
1365 1897
1365 1937
1365 1968
1366 1443
1366 1808
1366 1832
1366 1880
1367 1394
1367 1466
1367 1869
1368 1440
1368 1660
1368 1694
1369 1651
1369 1882
1369 1991
1370 1394
1370 1446
1370 1678
1370 1679
1370 1794
1371 1425
1371 1569
1371 1948
1372 1734
1372 1758
1372 1988
1373 1437
1373 1506
1373 1739
1373 1938
1373 1939
1374 1604
1374 1691
1374 1834
1374 1941
1375 1438
1375 1700
1376 1591
1376 1902
1376 1948
1377 1509
1377 1544
1377 1597
1377 1754
1378 1484
1378 1554
1378 1574
1379 1938
1380 1601
1380 1643
1380 1793
1380 1839
1380 1885
1381 1473
1381 1817
1381 1955
1382 1494
1382 1540
1382 1837
1383 1422
1383 1473
1383 1882
1384 1603
1384 1615
1384 1879
1384 1883
1385 1496
1385 1531
1385 1827
1385 1978
1385 1992
1386 1461
1386 1909
1387 1597
1387 1682
1389 1653
1389 1710
1389 1768
1389 1998
1390 1595
1390 1698
1390 1799
1391 1450
1391 1637
1391 1769
1392 1517
1393 1508
1393 1631
1393 1656
1393 1813
1393 1934
1394 1488
1394 1975
1395 1928
1396 1561
1396 1769
1396 1894
1397 1791
1398 1567
1398 1651
1398 1716
1398 1795
1398 1928
1398 1941
1399 1430
1399 1455
1399 1488
1399 1587
1400 1613
1401 1474
1401 1654
1401 1732
1401 1858
1401 1911
1401 1974
1402 1404
1402 1444
1402 1494
1402 1623
1402 1817
1402 1847
1402 1858
1403 1424
1403 1459
1403 1520
1403 1589
1403 1917
1403 1968
1404 1809
1404 1907
1405 1486
1405 1934
1406 1447
1406 1457
1406 1866
1406 1903
1407 1569
1407 1575
1407 1586
1407 1783
1407 1885
1407 1927
1407 1941
1408 1589
1408 1641
1408 1663
1409 1792
1409 1796
1409 1853
1409 1887
1410 1641
1410 1795
1410 1930
1410 1958
1411 1585
1411 1638
1411 1660
1411 1751
1411 1916
1412 1425
1412 1846
1412 1972
1413 1477
1413 1978
1413 1990
1414 1543
1414 1799
1414 1801
1415 1426
1415 1469
1415 1479
1415 1781
1415 1878
1415 1890
1416 1859
1416 1896
1416 1921
1417 1761
1417 1833
1417 1845
1418 1959
1419 1513
1420 1551
1420 1874
1421 1436
1421 1451
1421 1704
1421 1823
1421 1826
1422 1535
1423 1530
1423 1841
1423 1990
1424 1459
1424 1503
1424 1699
1425 1703
1425 1818
1426 1585
1426 1607
1426 1638
1426 1783
1426 1889
1427 1805
1427 1942
1428 1584
1428 1918
1428 1924
1429 1430
1429 1519
1429 1606
1429 1630
1429 1813
1429 1901
1430 1868
1430 1904
1430 1924
1431 1777
1431 1808
1432 1545
1432 1666
1432 1854
1433 1743
1434 1733
1434 1772
1435 1536
1435 1605
1435 1728
1435 1750
1435 1797
1435 1828
1435 1887
1436 1799
1436 1900
1437 1533
1437 1843
1437 1917
1438 1451
1438 1820
1439 1491
1439 1611
1439 1653
1439 1674
1439 1724
1439 1808
1439 1909
1440 1476
1440 1762
1440 1821
1440 1847
1440 1968
1440 1993
1441 1763
1441 1821
1442 1451
1442 1510
1443 1559
1443 1683
1443 1758
1444 1558
1445 1899
1446 1456
1446 1643
1446 1776
1446 1871
1447 1556
1447 1873
1447 1930
1447 1962
1447 1968
1448 1510
1448 1577
1448 1859
1448 1863
1448 1921
1448 1966
1449 1568
1449 1587
1449 1661
1449 1786
1450 1569
1450 1627
1450 1748
1450 1969
1451 1473
1451 1775
1452 1645
1452 1947
1453 1519
1453 1664
1453 1694
1453 1718
1453 1805
1453 1851
1453 1891
1454 1584
1455 1727
1456 1475
1456 1539
1456 1546
1456 1775
1456 1838
1456 1862
1456 1946
1456 1964
1457 1530
1457 1931
1458 1469
1458 1797
1459 1530
1459 1632
1459 1742
1459 1788
1459 1829
1459 1915
1460 1470
1461 1638
1461 1921
1462 1520
1462 1524
1462 1653
1462 1705
1462 1834
1463 1645
1463 1950
1463 1971
1464 1643
1464 1818
1465 1540
1465 1545
1465 1605
1465 1660
1465 1681
1466 1745
1466 1837
1467 1764
1467 1800
1468 1951
1469 1526
1469 1677
1470 1780
1471 1544
1471 1747
1471 1751
1471 1752
1472 1798
1473 1494
1473 1853
1474 1858
1475 1692
1475 1808
1475 1897
1475 1944
1476 1632
1476 1658
1476 1787
1476 1792
1476 1937
1477 1810
1478 1801
1480 1912
1481 1788
1482 1503
1482 1506
1482 1579
1482 1629
1483 1776
1484 1667
1484 1743
1484 1842
1485 1660
1485 1768
1485 1921
1486 1563
1486 1728
1486 1789
1486 1812
1486 1984
1487 1560
1487 1836
1487 1860
1487 1869
1488 1701
1488 1759
1489 1655
1489 1773
1489 1882
1490 1496
1490 1912
1491 1622
1491 1669
1491 1889
1492 1504
1493 1566
1494 1579
1494 1674
1496 1526
1496 1605
1496 1665
1496 1760
1496 1825
1496 1963
1496 1981
1497 1790
1497 1899
1497 1916
1498 1522
1498 1729
1498 1849
1499 1566
1499 1567
1500 1511
1501 1598
1501 1870
1501 1896
1501 1999
1502 1619
1502 1631
1502 1709
1502 1916
1503 1725
1504 1695
1504 1922
1505 1525
1505 1607
1505 1661
1506 1631
1506 1773
1507 1735
1507 1875
1508 1826
1508 1944
1509 1911
1509 1929
1510 1673
1510 1891
1510 1975
1511 1718
1511 1761
1512 1654
1512 1667
1512 1772
1513 1808
1513 1993
1514 1532
1514 1736
1514 1752
1514 1817
1515 1983
1515 1992
1516 1627
1516 1745
1516 1816
1516 1882
1517 1677
1518 1519
1518 1634
1518 1986
1519 1578
1519 1667
1519 1794
1519 1864
1520 1560
1520 1768
1520 1813
1521 1590
1521 1654
1521 1678
1522 1721
1522 1835
1522 1859
1522 1996
1523 1561
1523 1651
1523 1790
1523 1916
1523 1926
1524 1632
1524 1650
1524 1859
1525 1623
1526 1540
1526 1548
1526 1580
1526 1694
1526 1714
1526 1856
1526 1892
1526 1942
1528 1678
1528 1905
1529 1787
1532 1587
1532 1646
1532 1690
1532 1736
1532 1888
1534 1758
1534 1855
1534 1901
1535 1830
1536 1791
1536 1831
1537 1953
1539 1546
1539 1554
1539 1677
1539 1980
1540 1699
1541 1806
1542 1699
1542 1719
1542 1735
1542 1785
1542 1882
1542 1903
1543 1742
1543 1790
1543 1869
1545 1628
1545 1911
1545 1939
1546 1697
1546 1715
1547 1771
1547 1851
1547 1953
1547 1985
1548 1729
1548 1787
1548 1840
1549 1609
1549 1751
1549 1829
1549 1963
1550 1589
1551 1620
1551 1707
1552 1625
1552 1683
1552 1847
1553 1578
1553 1938
1554 1701
1554 1810
1555 1590
1556 1770
1556 1995
1558 1718
1559 1701
1560 1664
1561 1571
1561 1595
1561 1599
1561 1830
1561 1833
1561 1881
1561 1913
1562 1867
1562 1905
1562 1957
1563 1589
1563 1607
1564 1727
1564 1787
1564 1815
1565 1826
1565 1852
1565 1889
1565 1908
1566 1600
1566 1698
1568 1884
1569 1612
1569 1670
1569 1694
1569 1959
1570 1664
1570 1684
1571 1676
1571 1700
1571 1780
1571 1784
1571 1804
1571 1895
1571 1970
1572 1780
1573 1792
1574 1993
1575 1919
1576 1741
1576 1766
1576 1881
1576 1964
1577 1797
1577 1865
1577 1878
1578 1823
1578 1938
1579 1704
1580 1877
1580 1886
1580 1916
1580 1929
1581 1802
1581 1847
1581 1996
1582 1608
1582 1612
1584 1669
1584 1674
1584 1964
1585 1765
1585 1846
1585 1863
1585 1937
1587 1737
1587 1751
1587 1894
1587 1899
1587 1917
1587 1925
1587 1996
1588 1780
1588 1820
1588 1967
1589 1930
1589 1989
1590 1608
1590 1779
1590 1886
1591 1741
1592 1648
1592 1751
1592 1871
1593 1915
1594 1780
1595 1751
1595 1869
1595 1889
1596 1623
1596 1638
1596 1654
1596 1753
1596 1949
1597 1618
1598 1758
1598 1872
1599 1712
1599 1752
1599 1756
1600 1662
1602 1648
1602 1788
1603 1607
1603 1735
1603 1736
1603 1819
1604 1678
1604 1725
1605 1778
1605 1784
1606 1679
1606 1776
1606 1845
1606 1867
1607 1711
1608 1660
1608 1716
1608 1930
1608 1945
1610 1646
1610 1690
1610 1807
1610 1810
1610 1971
1612 1776
1612 1943
1613 1695
1613 1886
1615 1746
1616 1849
1616 1920
1616 1974
1619 1714
1619 1885
1620 1625
1620 1930
1621 1980
1621 1981
1622 1993
1623 1645
1623 1671
1623 1685
1623 1747
1623 1765
1623 1866
1624 1752
1624 1897
1625 1706
1626 1857
1627 1789
1627 1802
1627 1876
1628 1837
1629 1927
1632 1675
1632 1958
1633 1638
1633 1796
1635 1725
1635 1779
1635 1919
1636 1776
1636 1940
1637 1954
1637 1999
1638 1657
1638 1738
1638 1753
1638 1830
1638 1878
1638 1897
1639 1955
1641 1820
1643 1729
1643 1922
1644 1840
1644 1885
1644 1889
1645 1739
1646 1713
1646 1990
1647 1711
1647 1712
1647 1793
1648 1734
1650 1926
1651 1919
1652 1710
1653 1868
1654 1860
1654 1891
1654 1909
1655 1689
1655 1941
1655 1985
1656 1657
1656 1733
1656 1762
1656 1839
1657 1699
1658 1910
1659 1813
1659 1895
1660 1871
1660 1939
1661 1782
1664 1750
1664 1765
1664 1985
1665 1907
1666 1668
1666 1754
1666 1917
1666 1962
1668 1832
1668 1923
1669 1988
1670 1807
1671 1868
1671 1998
1672 1743
1672 1849
1672 1883
1672 1919
1672 1955
1675 1873
1676 1879
1676 1999
1677 1788
1678 1755
1678 1885
1679 1680
1679 1952
1680 1886
1680 1899
1681 1837
1681 1878
1682 1843
1682 1852
1682 1973
1683 1739
1683 1811
1683 1878
1684 1688
1684 1727
1684 1752
1684 1916
1687 1691
1687 1714
1687 1985
1688 1835
1689 1776
1689 1937
1689 1959
1690 1914
1690 1916
1691 1743
1691 1747
1691 1770
1691 1792
1691 1862
1691 1990
1692 1711
1692 1876
1692 1881
1692 1996
1693 1777
1693 1780
1693 1878
1693 1982
1694 1801
1694 1888
1694 2000
1695 1932
1698 1758
1699 1946
1700 1712
1700 1734
1700 1749
1700 1828
1700 1855
1702 1876
1703 1851
1703 1853
1703 1977
1703 1994
1704 1849
1704 1961
1705 1845
1706 1913
1707 1730
1707 1900
1712 1877
1712 1980
1713 1882
1713 1927
1714 1745
1714 1925
1715 1732
1715 1871
1717 1735
1717 1919
1717 1928
1719 1955
1720 1882
1720 1988
1722 1814
1723 1908
1723 1963
1723 1983
1724 1765
1727 1757
1728 1948
1729 1896
1730 1929
1731 1846
1732 1807
1733 1772
1733 1999
1734 1858
1734 1982
1735 1799
1737 1776
1737 1778
1738 1985
1739 1816
1739 1837
1739 1919
1739 1974
1740 1853
1741 1778
1741 1877
1741 1976
1743 1810
1744 1773
1744 1849
1744 1977
1745 1857
1745 1885
1745 1917
1746 1775
1746 1937
1747 1861
1747 1999
1748 1913
1748 1945
1749 1777
1750 1786
1750 1823
1750 1857
1751 1814
1752 1810
1754 1867
1754 1918
1755 1866
1755 1911
1756 1846
1756 1877
1759 1930
1760 1926
1763 1799
1763 1867
1765 1953
1765 1983
1766 1787
1766 1797
1767 1947
1768 1892
1768 1963
1768 1989
1769 1849
1770 1848
1770 1978
1771 1792
1772 1800
1773 1794
1774 1986
1775 1813
1775 1925
1775 1934
1778 1844
1778 1894
1778 1959
1779 1903
1781 2000
1782 1800
1782 1986
1783 1810
1784 2000
1785 1956
1786 1828
1786 1915
1786 1922
1788 1935
1789 1886
1789 1904
1789 1975
1791 1895
1791 1982
1792 1928
1794 1901
1797 1940
1797 1960
1797 1975
1798 1801
1799 1800
1802 1915
1804 1837
1804 1880
1809 1835
1811 1847
1812 1855
1812 1972
1813 1836
1813 1858
1813 1877
1815 1945
1819 1871
1819 1899
1821 1904
1823 1977
1824 1933
1824 1982
1825 1956
1825 1964
1826 1960
1827 1849
1827 1884
1827 1917
1827 1941
1830 1844
1830 2000
1832 1983
1834 1851
1836 1905
1837 1977
1837 1989
1838 1937
1838 1938
1839 1886
1840 1894
1841 1874
1841 1903
1845 1999
1846 1860
1846 1941
1847 1867
1848 1902
1848 1925
1849 1999
1850 1915
1850 1949
1851 1892
1852 1926
1853 1916
1853 1949
1856 1888
1859 1955
1861 1925
1863 1890
1863 1915
1863 1986
1864 1956
1865 1885
1866 1891
1871 1888
1871 1930
1872 1883
1872 1917
1872 1927
1874 1893
1874 1910
1874 1940
1875 1921
1878 1922
1880 1923
1880 1981
1882 1891
1882 1994
1883 1989
1887 1910
1889 1894
1890 1996
1892 1999
1894 1975
1896 1916
1897 1976
1899 1934
1901 1941
1907 1910
1907 1980
1909 1987
1911 1943
1911 2000
1912 1918
1912 1943
1916 1939
1917 1967
1930 1985
1932 1992
1940 1954
1944 1992
1945 1997
1954 1993
1956 1960
1957 1979
