2000
3 972
8 918
23 1470
24 1276
31 1033
35 1419
43 1280
48 1532
56 1791
57 936
58 1332
62 564
67 1547
70 1636
82 1505
86 1738
89 1223
90 188
94 796
98 1129
110 1443
114 1839
117 1571
118 1607
124 1134
125 1571
132 1377
139 1949
144 1623
149 533
151 1045
160 1169
165 351
165 1437
175 362
176 1551
177 1244
180 1027
189 1422
196 1234
202 1881
203 406
210 731
219 885
224 552
234 1547
252 1706
253 1698
254 498
254 1432
257 1978
258 1473
263 716
269 1537
272 1781
272 1959
275 1981
284 426
284 987
287 1681
287 1835
297 1746
300 1903
301 304
303 322
311 746
320 1024
323 1988
327 1104
342 1587
343 1650
344 1518
348 1077
353 1868
354 753
356 1782
358 1669
362 1438
367 1711
368 723
378 1019
384 1025
387 621
388 567
389 1784
392 1467
398 1556
404 1139
408 992
417 1758
418 1544
425 803
439 750
447 1561
451 1520
452 818
454 1965
458 526
464 929
469 1553
481 893
497 1934
502 993
518 997
533 1298
536 1064
547 1840
551 1788
559 944
561 1378
564 912
572 1235
579 1620
581 603
582 1340
599 1321
609 1738
611 763
614 1618
617 1619
650 1396
653 811
659 1556
670 884
675 1182
680 695
683 1153
699 922
701 1991
702 1950
705 955
708 1035
710 1843
714 941
714 1094
718 1530
739 1430
744 1307
744 1562
754 1117
763 1131
804 1187
814 1275
815 1960
818 1137
825 1210
830 1260
845 1614
845 1857
847 1922
857 1363
865 1661
871 1051
873 896
875 1396
877 1090
879 1212
893 988
893 1517
899 1027
905 1460
938 1640
942 1560
965 1656
970 1620
971 1340
973 1243
983 1651
1010 1672
1014 1825
1018 1647
1020 1054
1079 1597
1088 1157
1132 1302
1133 1920
1143 1283
1171 1735
1181 1333
1184 1766
1187 1867
1198 1354
1214 1546
1223 1523
1237 1921
1251 1652
1291 1425
1296 1545
1299 1357
1311 1621
1331 1888
1351 1435
1360 1993
1375 1709
1399 1427
1402 1993
1414 1591
1431 1590
1439 1535
1476 2000
1493 1930
1521 1800
1527 1596
1574 1993
1586 1790
1586 1864
1598 1662
1641 1939
1711 1886
1745 1885
1789 1921
1817 1913
1825 1844
1835 1888
